Index,Start_Ticks,Start_Time,Pitch,Pitch_MIDI,Velocity,Duration_Ticks,Duration,Source,Slur_Category,Notes
0,1800,3.75,G5,79,91,840,1.75,raw_midi,4,
1,1920,4,G3,55,76,720,1.5,raw_midi,4,
2,1920,4,B3,59,76,720,1.5,raw_midi,4,
3,1920,4,D4,62,76,720,1.5,raw_midi,4,
4,2640,5.5,F#5,78,79,120,0.25,raw_midi,4,
5,2760,5.75,E5,76,77,120,0.25,raw_midi,4,
6,2880,6,D5,74,75,120,0.25,raw_midi,4,
7,3000,6.25,D#5,75,74,120,0.25,raw_midi,4,
8,3120,6.5,E5,76,72,120,0.25,raw_midi,4,
9,3240,6.75,B4,71,70,120,0.25,raw_midi,4,
10,3360,7,D5,74,68,120,0.25,raw_midi,4,
11,3480,7.25,C5,72,66,120,0.25,raw_midi,4,
12,3600,7.5,B4,71,65,120,0.25,raw_midi,4,
13,3720,7.75,A4,69,61,120,0.25,raw_midi,4,
14,3840,8,G4,67,59,360,0.75,raw_midi,4,
15,4680,9.75,B3,59,43,480,1,raw_midi,4,
16,4680,9.75,D4,62,43,480,1,raw_midi,4,
17,4680,9.75,G4,67,42,480,1,raw_midi,4,
18,4800,10,G2,43,42,120,0.25,raw_midi,4,
19,4800,10,G3,55,42,120,0.25,raw_midi,4,
20,5160,10.75,B3,59,45,480,1,raw_midi,4,
21,5160,10.75,D4,62,45,480,1,raw_midi,4,
22,5160,10.75,B4,71,46,480,1,raw_midi,4,
23,5280,11,G2,43,44,120,0.25,raw_midi,4,
24,5280,11,G3,55,44,120,0.25,raw_midi,4,
25,5640,11.75,B3,59,41,480,1,raw_midi,4,
26,5640,11.75,D4,62,41,480,1,raw_midi,4,
27,5640,11.75,G4,67,41,480,1,raw_midi,4,
28,5760,12,G2,43,42,120,0.25,raw_midi,4,
29,5760,12,G3,55,42,120,0.25,raw_midi,4,
30,6600,13.75,B3,59,55,480,1,raw_midi,4,
31,6600,13.75,D4,62,55,480,1,raw_midi,4,
32,6600,13.75,G4,67,53,480,1,raw_midi,4,
33,6720,14,G2,43,54,120,0.25,raw_midi,4,
34,6720,14,G3,55,54,120,0.25,raw_midi,4,
35,7080,14.75,D4,62,57,480,1,raw_midi,4,
36,7080,14.75,G4,67,57,480,1,raw_midi,4,
37,7080,14.75,B4,71,57,480,1,raw_midi,4,
38,7080,14.75,D5,74,57,480,1,raw_midi,4,
39,7200,15,G2,43,56,120,0.25,raw_midi,4,
40,7200,15,G3,55,56,120,0.25,raw_midi,4,
41,7560,15.75,B3,59,54,480,1,raw_midi,4,
42,7560,15.75,D4,62,54,480,1,raw_midi,4,
43,7560,15.75,G4,67,54,480,1,raw_midi,4,
44,7680,16,G2,43,55,120,0.25,raw_midi,4,
45,7680,16,G3,55,55,120,0.25,raw_midi,4,
46,8520,17.75,B3,59,78,480,1,raw_midi,4,
47,8520,17.75,D4,62,78,480,1,raw_midi,4,
48,8520,17.75,G4,67,78,480,1,raw_midi,4,
49,8520,17.75,B4,71,78,480,1,raw_midi,4,
50,8640,18,G2,43,78,120,0.25,raw_midi,4,
51,8640,18,G3,55,78,120,0.25,raw_midi,4,
52,9000,18.75,G4,67,83,480,1,raw_midi,4,
53,9000,18.75,B4,71,83,480,1,raw_midi,4,
54,9000,18.75,E5,76,83,480,1,raw_midi,4,
55,9000,18.75,G5,79,83,480,1,raw_midi,4,
56,9120,19,E2,40,81,120,0.25,raw_midi,4,
57,9120,19,E3,52,81,120,0.25,raw_midi,4,
58,9480,19.75,F#4,66,79,480,1,raw_midi,4,
59,9480,19.75,A4,69,79,480,1,raw_midi,4,
60,9480,19.75,D5,74,79,480,1,raw_midi,4,
61,9480,19.75,F#5,78,79,480,1,raw_midi,4,
62,9600,20,A2,45,78,120,0.25,raw_midi,4,
63,9600,20,A3,57,78,120,0.25,raw_midi,4,
64,10560,22,A2,45,55,120,0.25,raw_midi,4,
65,10560,22,A3,57,55,120,0.25,raw_midi,4,
66,10560,22,F#4,66,52,120,0.25,raw_midi,4,
67,10560,22,A4,69,52,120,0.25,raw_midi,4,
68,10560,22,D5,74,52,120,0.25,raw_midi,4,
69,11040,23,A1,33,51,120,0.25,raw_midi,4,
70,11040,23,A2,45,51,120,0.25,raw_midi,4,
71,11040,23,E4,64,48,120,0.25,raw_midi,4,
72,11040,23,G4,67,48,120,0.25,raw_midi,4,
73,11040,23,A4,69,48,120,0.25,raw_midi,4,
74,11040,23,C#5,73,48,120,0.25,raw_midi,4,
75,11520,24,D2,38,46,120,0.25,raw_midi,4,
76,11520,24,D3,50,46,120,0.25,raw_midi,4,
77,11520,24,D4,62,44,120,0.25,raw_midi,4,
78,11520,24,F#4,66,44,120,0.25,raw_midi,4,
79,11520,24,A4,69,44,120,0.25,raw_midi,4,
80,11520,24,D5,74,44,120,0.25,raw_midi,4,
81,12360,25.75,F5,77,91,840,1.75,raw_midi,4,
82,12480,26,F4,65,90,720,1.5,raw_midi,4,
83,13200,27.5,E4,64,79,120,0.25,raw_midi,4,
84,13200,27.5,E5,76,80,120,0.25,raw_midi,4,
85,13320,27.75,D4,62,77,120,0.25,raw_midi,4,
86,13320,27.75,D5,74,79,120,0.25,raw_midi,4,
87,13440,28,C4,60,76,120,0.25,raw_midi,4,
88,13440,28,C5,72,77,120,0.25,raw_midi,4,
89,13560,28.25,C#4,61,74,120,0.25,raw_midi,4,
90,13560,28.25,C#5,73,76,120,0.25,raw_midi,4,
91,13680,28.5,D4,62,73,120,0.25,raw_midi,4,
92,13680,28.5,D5,74,74,120,0.25,raw_midi,4,
93,13800,28.75,A3,57,71,120,0.25,raw_midi,4,
94,13800,28.75,A4,69,73,120,0.25,raw_midi,4,
95,13920,29,C4,60,69,120,0.25,raw_midi,4,
96,13920,29,C5,72,71,120,0.25,raw_midi,4,
97,14040,29.25,A#3,58,67,120,0.25,raw_midi,4,
98,14040,29.25,A#4,70,70,120,0.25,raw_midi,4,
99,14160,29.5,A3,57,64,120,0.25,raw_midi,4,
100,14160,29.5,A4,69,68,120,0.25,raw_midi,4,
101,14280,29.75,G3,55,62,120,0.25,raw_midi,4,
102,14280,29.75,G4,67,66,120,0.25,raw_midi,4,
103,14400,30,F3,53,59,360,0.75,raw_midi,4,
104,14400,30,F4,65,65,360,0.75,raw_midi,4,
105,15240,31.75,A3,57,41,480,1,raw_midi,4,
106,15240,31.75,C4,60,41,480,1,raw_midi,4,
107,15240,31.75,F4,65,42,480,1,raw_midi,4,
108,15360,32,F2,41,40,120,0.25,raw_midi,4,
109,15360,32,F3,53,40,120,0.25,raw_midi,4,
110,15720,32.75,A3,57,44,480,1,raw_midi,4,
111,15720,32.75,C4,60,44,480,1,raw_midi,4,
112,15720,32.75,A4,69,46,480,1,raw_midi,4,
113,15840,33,F2,41,45,120,0.25,raw_midi,4,
114,15840,33,F3,53,45,120,0.25,raw_midi,4,
115,16200,33.75,A3,57,42,480,1,raw_midi,4,
116,16200,33.75,C4,60,42,480,1,raw_midi,4,
117,16200,33.75,F4,65,42,480,1,raw_midi,4,
118,16320,34,F2,41,43,120,0.25,raw_midi,4,
119,16320,34,F3,53,43,120,0.25,raw_midi,4,
120,17160,35.75,A3,57,50,480,1,raw_midi,4,
121,17160,35.75,C4,60,50,480,1,raw_midi,4,
122,17160,35.75,F4,65,50,480,1,raw_midi,4,
123,17280,36,F2,41,50,120,0.25,raw_midi,4,
124,17280,36,F3,53,50,120,0.25,raw_midi,4,
125,17640,36.75,C4,60,54,480,1,raw_midi,4,
126,17640,36.75,F4,65,54,480,1,raw_midi,4,
127,17640,36.75,A4,69,54,480,1,raw_midi,4,
128,17640,36.75,C5,72,54,480,1,raw_midi,4,
129,17760,37,F2,41,53,120,0.25,raw_midi,4,
130,17760,37,F3,53,53,120,0.25,raw_midi,4,
131,18120,37.75,A3,57,52,480,1,raw_midi,4,
132,18120,37.75,C4,60,52,480,1,raw_midi,4,
133,18120,37.75,F4,65,52,480,1,raw_midi,4,
134,18240,38,F2,41,50,120,0.25,raw_midi,4,
135,18240,38,F3,53,50,120,0.25,raw_midi,4,
136,19080,39.75,A3,57,78,480,1,raw_midi,4,
137,19080,39.75,C4,60,78,480,1,raw_midi,4,
138,19080,39.75,F4,65,78,480,1,raw_midi,4,
139,19080,39.75,A4,69,78,480,1,raw_midi,4,
140,19200,40,F2,41,77,120,0.25,raw_midi,4,
141,19200,40,F3,53,77,120,0.25,raw_midi,4,
142,19560,40.75,F4,65,83,480,1,raw_midi,4,
143,19560,40.75,A4,69,83,480,1,raw_midi,4,
144,19560,40.75,D5,74,83,480,1,raw_midi,4,
145,19560,40.75,F5,77,83,480,1,raw_midi,4,
146,19680,41,D2,38,81,120,0.25,raw_midi,4,
147,19680,41,D3,50,81,120,0.25,raw_midi,4,
148,20040,41.75,E4,64,77,480,1,raw_midi,4,
149,20040,41.75,G4,67,77,480,1,raw_midi,4,
150,20040,41.75,C5,72,77,480,1,raw_midi,4,
151,20040,41.75,E5,76,77,480,1,raw_midi,4,
152,20160,42,G2,43,79,120,0.25,raw_midi,4,
153,20160,42,G3,55,79,120,0.25,raw_midi,4,
154,21120,44,G2,43,52,120,0.25,raw_midi,4,
155,21120,44,G3,55,52,120,0.25,raw_midi,4,
156,21120,44,E4,64,44,120,0.25,raw_midi,4,
157,21120,44,G4,67,44,120,0.25,raw_midi,4,
158,21120,44,C5,72,44,120,0.25,raw_midi,4,
159,21600,45,G1,31,50,120,0.25,raw_midi,4,
160,21600,45,G2,43,50,120,0.25,raw_midi,4,
161,21600,45,D4,62,47,120,0.25,raw_midi,4,
162,21600,45,F4,65,47,120,0.25,raw_midi,4,
163,21600,45,G4,67,47,120,0.25,raw_midi,4,
164,21600,45,B4,71,47,120,0.25,raw_midi,4,
165,22080,46,C2,36,47,120,0.25,raw_midi,4,
166,22080,46,C3,48,47,120,0.25,raw_midi,4,
167,22080,46,C4,60,45,120,0.25,raw_midi,4,
168,22080,46,E4,64,45,120,0.25,raw_midi,4,
169,22080,46,G4,67,45,120,0.25,raw_midi,4,
170,22080,46,C5,72,45,120,0.25,raw_midi,4,
171,22920,47.75,E4,64,90,480,1,raw_midi,4,
172,22920,47.75,G4,67,90,480,1,raw_midi,4,
173,22920,47.75,C5,72,90,480,1,raw_midi,4,
174,22920,47.75,E5,76,90,480,1,raw_midi,4,
175,23040,48,C3,48,88,120,0.25,raw_midi,4,
176,23040,48,C4,60,88,120,0.25,raw_midi,4,
177,23400,48.75,C5,72,96,480,1,raw_midi,4,
178,23400,48.75,E5,76,96,480,1,raw_midi,4,
179,23400,48.75,A5,81,96,480,1,raw_midi,4,
180,23400,48.75,C6,84,96,480,1,raw_midi,4,
181,23520,49,A2,45,97,120,0.25,raw_midi,4,
182,23520,49,A3,57,97,120,0.25,raw_midi,4,
183,23880,49.75,B4,71,91,480,1,raw_midi,4,
184,23880,49.75,D5,74,91,480,1,raw_midi,4,
185,23880,49.75,G5,79,91,480,1,raw_midi,4,
186,23880,49.75,B5,83,91,480,1,raw_midi,4,
187,24000,50,D3,50,90,120,0.25,raw_midi,4,
188,24000,50,D4,62,90,120,0.25,raw_midi,4,
189,24960,52,D3,50,55,120,0.25,raw_midi,4,
190,24960,52,D4,62,55,120,0.25,raw_midi,4,
191,24960,52,B4,71,55,120,0.25,raw_midi,4,
192,24960,52,D5,74,55,120,0.25,raw_midi,4,
193,24960,52,G5,79,55,120,0.25,raw_midi,4,
194,25440,53,D2,38,53,120,0.25,raw_midi,4,
195,25440,53,D3,50,53,120,0.25,raw_midi,4,
196,25440,53,A4,69,53,120,0.25,raw_midi,4,
197,25440,53,D5,74,53,120,0.25,raw_midi,4,
198,25440,53,F#5,78,53,120,0.25,raw_midi,4,
199,25920,54,G2,43,50,120,0.25,raw_midi,4,
200,25920,54,G3,55,50,120,0.25,raw_midi,4,
201,25920,54,B4,71,50,120,0.25,raw_midi,4,
202,25920,54,D5,74,50,120,0.25,raw_midi,4,
203,25920,54,G5,79,50,120,0.25,raw_midi,4,
204,26880,56,D3,50,49,120,0.25,raw_midi,4,
205,26880,56,D4,62,49,120,0.25,raw_midi,4,
206,26880,56,B4,71,46,120,0.25,raw_midi,4,
207,26880,56,D5,74,46,120,0.25,raw_midi,4,
208,26880,56,G5,79,46,120,0.25,raw_midi,4,
209,26880,56,B5,83,46,120,0.25,raw_midi,4,
210,27360,57,D2,38,47,120,0.25,raw_midi,4,
211,27360,57,D3,50,47,120,0.25,raw_midi,4,
212,27360,57,A4,69,43,120,0.25,raw_midi,4,
213,27360,57,D5,74,43,120,0.25,raw_midi,4,
214,27360,57,F#5,78,43,120,0.25,raw_midi,4,
215,27360,57,A5,81,43,120,0.25,raw_midi,4,
216,27840,58,G2,43,45,120,0.25,raw_midi,4,
217,27840,58,G3,55,45,120,0.25,raw_midi,4,
218,27840,58,B4,71,41,120,0.25,raw_midi,4,
219,27840,58,D5,74,41,120,0.25,raw_midi,4,
220,27840,58,G5,79,41,120,0.25,raw_midi,4,
221,27840,58,B5,83,41,120,0.25,raw_midi,4,
222,28800,60,D3,50,42,120,0.25,raw_midi,4,
223,28800,60,D4,62,42,120,0.25,raw_midi,4,
224,28800,60,D5,74,36,120,0.25,raw_midi,4,
225,28800,60,G5,79,36,120,0.25,raw_midi,4,
226,28800,60,B5,83,36,120,0.25,raw_midi,4,
227,28800,60,D6,86,36,120,0.25,raw_midi,4,
228,29280,61,D2,38,40,120,0.25,raw_midi,4,
229,29280,61,D3,50,40,120,0.25,raw_midi,4,
230,29280,61,D5,74,34,120,0.25,raw_midi,4,
231,29280,61,F#5,78,34,120,0.25,raw_midi,4,
232,29280,61,A5,81,34,120,0.25,raw_midi,4,
233,29280,61,D6,86,34,120,0.25,raw_midi,4,
234,29760,62,G2,43,39,120,0.25,raw_midi,4,
235,29760,62,G3,55,39,120,0.25,raw_midi,4,
236,29760,62,G5,79,32,120,0.25,raw_midi,4,
237,29880,62.25,A#5,82,39,120,0.25,raw_midi,4,
238,30000,62.5,B5,83,39,120,0.25,raw_midi,4,
239,30120,62.75,F#5,78,40,120,0.25,raw_midi,4,
240,30240,63,A5,81,40,120,0.25,raw_midi,4,
241,30360,63.25,G5,79,41,120,0.25,raw_midi,4,
242,30480,63.5,F#5,78,42,120,0.25,raw_midi,4,
243,30600,63.75,E5,76,42,120,0.25,raw_midi,4,
244,30720,64,D4,62,36,120,0.25,raw_midi,4,
245,30720,64,D5,74,43,120,0.25,raw_midi,4,
246,30840,64.25,D#4,63,41,120,0.25,raw_midi,4,
247,30840,64.25,D#5,75,43,120,0.25,raw_midi,4,
248,30960,64.5,E4,64,41,120,0.25,raw_midi,4,
249,30960,64.5,E5,76,44,120,0.25,raw_midi,4,
250,31080,64.75,B3,59,42,120,0.25,raw_midi,4,
251,31080,64.75,B4,71,44,120,0.25,raw_midi,4,
252,31200,65,D4,62,42,120,0.25,raw_midi,4,
253,31200,65,D5,74,45,120,0.25,raw_midi,4,
254,31320,65.25,C4,60,43,120,0.25,raw_midi,4,
255,31320,65.25,C5,72,46,120,0.25,raw_midi,4,
256,31440,65.5,B3,59,44,120,0.25,raw_midi,4,
257,31440,65.5,B4,71,46,120,0.25,raw_midi,4,
258,31560,65.75,A3,57,44,120,0.25,raw_midi,4,
259,31560,65.75,A4,69,47,120,0.25,raw_midi,4,
260,31680,66,G3,55,45,120,0.25,raw_midi,4,
261,31680,66,G4,67,47,120,0.25,raw_midi,4,
262,31800,66.25,A#3,58,45,120,0.25,raw_midi,4,
263,31800,66.25,A#4,70,48,120,0.25,raw_midi,4,
264,31920,66.5,B3,59,46,120,0.25,raw_midi,4,
265,31920,66.5,B4,71,48,120,0.25,raw_midi,4,
266,32040,66.75,F#3,54,47,120,0.25,raw_midi,4,
267,32040,66.75,F#4,66,49,120,0.25,raw_midi,4,
268,32160,67,A3,57,47,120,0.25,raw_midi,4,
269,32160,67,A4,69,50,120,0.25,raw_midi,4,
270,32280,67.25,G3,55,48,120,0.25,raw_midi,4,
271,32280,67.25,G4,67,50,120,0.25,raw_midi,4,
272,32400,67.5,F#3,54,49,120,0.25,raw_midi,4,
273,32400,67.5,F#4,66,51,120,0.25,raw_midi,4,
274,32520,67.75,E3,52,49,120,0.25,raw_midi,4,
275,32520,67.75,E4,64,51,120,0.25,raw_midi,4,
276,32640,68,D3,50,50,120,0.25,raw_midi,4,
277,32640,68,D4,62,52,120,0.25,raw_midi,4,
278,32760,68.25,D#3,51,50,120,0.25,raw_midi,4,
279,32760,68.25,D#4,63,52,120,0.25,raw_midi,4,
280,32880,68.5,E3,52,51,120,0.25,raw_midi,4,
281,32880,68.5,E4,64,53,120,0.25,raw_midi,4,
282,33000,68.75,B2,47,52,120,0.25,raw_midi,4,
283,33000,68.75,B3,59,54,120,0.25,raw_midi,4,
284,33120,69,D3,50,52,120,0.25,raw_midi,4,
285,33120,69,D4,62,54,120,0.25,raw_midi,4,
286,33240,69.25,C3,48,53,120,0.25,raw_midi,4,
287,33240,69.25,C4,60,55,120,0.25,raw_midi,4,
288,33360,69.5,B2,47,53,120,0.25,raw_midi,4,
289,33360,69.5,B3,59,55,120,0.25,raw_midi,4,
290,33480,69.75,A2,45,54,120,0.25,raw_midi,4,
291,33480,69.75,A3,57,56,120,0.25,raw_midi,4,
292,33600,70,G2,43,55,120,0.25,raw_midi,4,
293,33600,70,G3,55,56,120,0.25,raw_midi,4,
294,33720,70.25,A#2,46,55,120,0.25,raw_midi,4,
295,33720,70.25,A#3,58,57,120,0.25,raw_midi,4,
296,33840,70.5,B2,47,56,120,0.25,raw_midi,4,
297,33840,70.5,B3,59,58,120,0.25,raw_midi,4,
298,33960,70.75,F#2,42,57,120,0.25,raw_midi,4,
299,33960,70.75,F#3,54,58,120,0.25,raw_midi,4,
300,34080,71,A2,45,57,120,0.25,raw_midi,4,
301,34080,71,A3,57,59,120,0.25,raw_midi,4,
302,34200,71.25,G2,43,58,120,0.25,raw_midi,4,
303,34200,71.25,G3,55,59,120,0.25,raw_midi,4,
304,34320,71.5,F#2,42,58,120,0.25,raw_midi,4,
305,34320,71.5,F#3,54,60,120,0.25,raw_midi,4,
306,34440,71.75,E2,40,59,120,0.25,raw_midi,4,
307,34440,71.75,E3,52,60,120,0.25,raw_midi,4,
308,34560,72,D2,38,60,120,0.25,raw_midi,4,
309,34560,72,D3,50,61,120,0.25,raw_midi,4,
310,34680,72.25,D#2,39,60,120,0.25,raw_midi,4,
311,34680,72.25,D#3,51,62,120,0.25,raw_midi,4,
312,34800,72.5,E2,40,61,120,0.25,raw_midi,4,
313,34800,72.5,E3,52,62,120,0.25,raw_midi,4,
314,34920,72.75,B1,35,61,120,0.25,raw_midi,4,
315,34920,72.75,B2,47,63,120,0.25,raw_midi,4,
316,35040,73,D2,38,62,120,0.25,raw_midi,4,
317,35040,73,D3,50,63,120,0.25,raw_midi,4,
318,35160,73.25,C2,36,63,120,0.25,raw_midi,4,
319,35160,73.25,C3,48,64,120,0.25,raw_midi,4,
320,35280,73.5,B1,35,63,120,0.25,raw_midi,4,
321,35280,73.5,B2,47,64,120,0.25,raw_midi,4,
322,35400,73.75,A1,33,64,120,0.25,raw_midi,4,
323,35400,73.75,A2,45,65,120,0.25,raw_midi,4,
324,35520,74,G1,31,65,120,0.25,raw_midi,4,
325,35520,74,G2,43,66,120,0.25,raw_midi,4,
326,35640,74.25,F#1,30,65,120,0.25,raw_midi,4,
327,35640,74.25,F#2,42,66,120,0.25,raw_midi,4,
328,35760,74.5,G1,31,66,120,0.25,raw_midi,4,
329,35760,74.5,G2,43,67,120,0.25,raw_midi,4,
330,35880,74.75,A1,33,66,120,0.25,raw_midi,4,
331,35880,74.75,A2,45,67,120,0.25,raw_midi,4,
332,36000,75,A#1,34,67,120,0.25,raw_midi,4,
333,36000,75,A#2,46,68,120,0.25,raw_midi,4,
334,36120,75.25,B1,35,68,120,0.25,raw_midi,4,
335,36120,75.25,B2,47,68,120,0.25,raw_midi,4,
336,36240,75.5,C2,36,68,120,0.25,raw_midi,4,
337,36240,75.5,C3,48,69,120,0.25,raw_midi,4,
338,36360,75.75,C#2,37,69,120,0.25,raw_midi,4,
339,36360,75.75,C#3,49,70,120,0.25,raw_midi,4,
340,36480,76,D2,38,69,120,0.25,raw_midi,4,
341,36480,76,D3,50,70,120,0.25,raw_midi,4,
342,36600,76.25,C#2,37,70,120,0.25,raw_midi,4,
343,36600,76.25,C#3,49,71,120,0.25,raw_midi,4,
344,36720,76.5,D2,38,71,120,0.25,raw_midi,4,
345,36720,76.5,D3,50,71,120,0.25,raw_midi,4,
346,36840,76.75,E2,40,71,120,0.25,raw_midi,4,
347,36840,76.75,E3,52,72,120,0.25,raw_midi,4,
348,36960,77,F#2,42,72,120,0.25,raw_midi,4,
349,36960,77,F#3,54,72,120,0.25,raw_midi,4,
350,37080,77.25,D2,38,73,120,0.25,raw_midi,4,
351,37080,77.25,D3,50,73,120,0.25,raw_midi,4,
352,37200,77.5,E2,40,73,120,0.25,raw_midi,4,
353,37200,77.5,E3,52,73,120,0.25,raw_midi,4,
354,37320,77.75,F#2,42,74,120,0.25,raw_midi,4,
355,37320,77.75,F#3,54,74,120,0.25,raw_midi,4,
356,37440,78,G2,43,74,120,0.25,raw_midi,4,
357,37440,78,G3,55,75,120,0.25,raw_midi,4,
358,37560,78.25,F#2,42,75,120,0.25,raw_midi,4,
359,37560,78.25,F#3,54,75,120,0.25,raw_midi,4,
360,37680,78.5,G2,43,76,120,0.25,raw_midi,4,
361,37680,78.5,G3,55,76,120,0.25,raw_midi,4,
362,37800,78.75,A2,45,76,120,0.25,raw_midi,4,
363,37800,78.75,A3,57,76,120,0.25,raw_midi,4,
364,37920,79,A#2,46,77,120,0.25,raw_midi,4,
365,37920,79,A#3,58,77,120,0.25,raw_midi,4,
366,38040,79.25,B2,47,77,120,0.25,raw_midi,4,
367,38040,79.25,B3,59,77,120,0.25,raw_midi,4,
368,38160,79.5,C3,48,78,120,0.25,raw_midi,4,
369,38160,79.5,C4,60,78,120,0.25,raw_midi,4,
370,38280,79.75,C#3,49,80,120,0.25,raw_midi,4,
371,38280,79.75,C#4,61,80,120,0.25,raw_midi,4,
372,38400,80,D3,50,80,78,0.1625,raw_midi,4,
373,38400,80,D4,62,80,78,0.1625,raw_midi,4,
374,38520,80.25,D3,50,80,120,0.25,raw_midi,1,
375,38520,80.25,D4,62,80,120,0.25,raw_midi,1,
376,38640,80.5,F#3,54,81,120,0.25,raw_midi,2,
377,38640,80.5,F#4,66,81,120,0.25,raw_midi,2,
378,38760,80.75,A3,57,81,120,0.25,raw_midi,2,
379,38760,80.75,A4,69,81,120,0.25,raw_midi,2,
380,38880,81,D4,62,81,78,0.1625,raw_midi,3,
381,38880,81,D5,74,82,78,0.1625,raw_midi,3,
382,39000,81.25,D4,62,82,120,0.25,raw_midi,1,
383,39000,81.25,D5,74,82,120,0.25,raw_midi,1,
384,39120,81.5,F#4,66,82,120,0.25,raw_midi,2,
385,39120,81.5,F#5,78,82,120,0.25,raw_midi,2,
386,39240,81.75,A4,69,83,120,0.25,raw_midi,2,
387,39240,81.75,A5,81,83,120,0.25,raw_midi,2,
388,39360,82,D5,74,92,78,0.1625,raw_midi,3,
389,39360,82,D6,86,93,78,0.1625,raw_midi,3,
390,39480,82.25,D5,74,83,120,0.25,raw_midi,1,
391,39480,82.25,D6,86,83,120,0.25,raw_midi,1,
392,39600,82.5,A4,69,84,120,0.25,raw_midi,2,
393,39600,82.5,A5,81,84,120,0.25,raw_midi,2,
394,39720,82.75,F#4,66,84,120,0.25,raw_midi,2,
395,39720,82.75,F#5,78,84,120,0.25,raw_midi,2,
396,39840,83,D4,62,84,78,0.1625,raw_midi,3,
397,39840,83,D5,74,85,78,0.1625,raw_midi,3,
398,39960,83.25,D4,62,85,120,0.25,raw_midi,1,
399,39960,83.25,D5,74,85,120,0.25,raw_midi,1,
400,40080,83.5,A3,57,85,120,0.25,raw_midi,2,
401,40080,83.5,A4,69,85,120,0.25,raw_midi,2,
402,40200,83.75,F#3,54,86,120,0.25,raw_midi,2,
403,40200,83.75,F#4,66,86,120,0.25,raw_midi,2,
404,40320,84,D3,50,86,78,0.1625,raw_midi,3,
405,40320,84,D4,62,86,78,0.1625,raw_midi,3,
406,40440,84.25,D3,50,86,120,0.25,raw_midi,1,
407,40440,84.25,D4,62,86,120,0.25,raw_midi,1,
408,40560,84.5,F#3,54,87,120,0.25,raw_midi,2,
409,40560,84.5,F#4,66,87,120,0.25,raw_midi,2,
410,40680,84.75,A3,57,87,120,0.25,raw_midi,2,
411,40680,84.75,A4,69,87,120,0.25,raw_midi,2,
412,40800,85,D4,62,88,78,0.1625,raw_midi,3,
413,40800,85,D5,74,88,78,0.1625,raw_midi,3,
414,40920,85.25,D4,62,88,120,0.25,raw_midi,1,
415,40920,85.25,D5,74,88,120,0.25,raw_midi,1,
416,41040,85.5,F#4,66,88,120,0.25,raw_midi,2,
417,41040,85.5,F#5,78,88,120,0.25,raw_midi,2,
418,41160,85.75,A4,69,89,120,0.25,raw_midi,2,
419,41160,85.75,A5,81,89,120,0.25,raw_midi,2,
420,41280,86,D5,74,99,78,0.1625,raw_midi,3,
421,41280,86,D6,86,96,78,0.1625,raw_midi,3,
422,41400,86.25,D5,74,89,120,0.25,raw_midi,1,
423,41400,86.25,D6,86,89,120,0.25,raw_midi,1,
424,41520,86.5,A4,69,90,120,0.25,raw_midi,2,
425,41520,86.5,A5,81,90,120,0.25,raw_midi,2,
426,41640,86.75,F#4,66,90,120,0.25,raw_midi,2,
427,41640,86.75,F#5,78,90,120,0.25,raw_midi,2,
428,41760,87,D4,62,91,78,0.1625,raw_midi,3,
429,41760,87,D5,74,91,78,0.1625,raw_midi,3,
430,41880,87.25,D4,62,91,120,0.25,raw_midi,1,
431,41880,87.25,D5,74,91,120,0.25,raw_midi,1,
432,42000,87.5,A3,57,91,120,0.25,raw_midi,2,
433,42000,87.5,A4,69,91,120,0.25,raw_midi,2,
434,42120,87.75,F#3,54,92,120,0.25,raw_midi,2,
435,42120,87.75,F#4,66,92,120,0.25,raw_midi,2,
436,42240,88,D3,50,92,78,0.1625,raw_midi,3,
437,42240,88,D4,62,92,78,0.1625,raw_midi,3,
438,42360,88.25,D4,62,92,120,0.25,raw_midi,1,
439,42360,88.25,D5,74,92,120,0.25,raw_midi,1,
440,42480,88.5,A3,57,93,120,0.25,raw_midi,2,
441,42480,88.5,A4,69,93,120,0.25,raw_midi,2,
442,42600,88.75,F#3,54,93,120,0.25,raw_midi,2,
443,42600,88.75,F#4,66,93,120,0.25,raw_midi,2,
444,42720,89,D3,50,94,78,0.1625,raw_midi,3,
445,42720,89,D4,62,94,78,0.1625,raw_midi,3,
446,42840,89.25,D3,50,94,120,0.25,raw_midi,1,
447,42840,89.25,D4,62,94,120,0.25,raw_midi,1,
448,42960,89.5,A2,45,94,120,0.25,raw_midi,2,
449,42960,89.5,A3,57,94,120,0.25,raw_midi,2,
450,43080,89.75,F#2,42,95,120,0.25,raw_midi,2,
451,43080,89.75,F#3,54,95,120,0.25,raw_midi,2,
452,43200,90,D2,38,104,960,2,raw_midi,3,
453,43200,90,D3,50,103,960,2,raw_midi,3,
454,45000,93.75,G5,79,88,840,1.75,raw_midi,4,
455,45120,94,G3,55,71,720,1.5,raw_midi,4,
456,45120,94,B3,59,71,720,1.5,raw_midi,4,
457,45120,94,D4,62,71,720,1.5,raw_midi,4,
458,45840,95.5,F#5,78,75,120,0.25,raw_midi,4,
459,45960,95.75,E5,76,73,120,0.25,raw_midi,4,
460,46080,96,D5,74,71,120,0.25,raw_midi,4,
461,46200,96.25,D#5,75,69,120,0.25,raw_midi,4,
462,46320,96.5,E5,76,68,120,0.25,raw_midi,4,
463,46440,96.75,B4,71,66,120,0.25,raw_midi,4,
464,46560,97,D5,74,64,120,0.25,raw_midi,4,
465,46680,97.25,C5,72,62,120,0.25,raw_midi,4,
466,46800,97.5,B4,71,60,120,0.25,raw_midi,4,
467,46920,97.75,A4,69,61,120,0.25,raw_midi,4,
468,47040,98,G4,67,57,360,0.75,raw_midi,4,
469,47880,99.75,B3,59,41,480,1,raw_midi,4,
470,47880,99.75,D4,62,41,480,1,raw_midi,4,
471,47880,99.75,G4,67,43,480,1,raw_midi,4,
472,48000,100,G2,43,39,120,0.25,raw_midi,4,
473,48000,100,G3,55,39,120,0.25,raw_midi,4,
474,48360,100.75,B3,59,46,480,1,raw_midi,4,
475,48360,100.75,D4,62,46,480,1,raw_midi,4,
476,48360,100.75,B4,71,46,480,1,raw_midi,4,
477,48480,101,G2,43,43,120,0.25,raw_midi,4,
478,48480,101,G3,55,43,120,0.25,raw_midi,4,
479,48840,101.75,B3,59,41,480,1,raw_midi,4,
480,48840,101.75,D4,62,41,480,1,raw_midi,4,
481,48840,101.75,G4,67,42,480,1,raw_midi,4,
482,48960,102,G2,43,41,120,0.25,raw_midi,4,
483,48960,102,G3,55,41,120,0.25,raw_midi,4,
484,49800,103.75,B3,59,50,480,1,raw_midi,4,
485,49800,103.75,D4,62,50,480,1,raw_midi,4,
486,49800,103.75,G4,67,50,480,1,raw_midi,4,
487,49920,104,G2,43,48,120,0.25,raw_midi,4,
488,49920,104,G3,55,48,120,0.25,raw_midi,4,
489,50280,104.75,D4,62,52,480,1,raw_midi,4,
490,50280,104.75,G4,67,52,480,1,raw_midi,4,
491,50280,104.75,B4,71,52,480,1,raw_midi,4,
492,50280,104.75,D5,74,52,480,1,raw_midi,4,
493,50400,105,G2,43,55,120,0.25,raw_midi,4,
494,50400,105,G3,55,55,120,0.25,raw_midi,4,
495,50760,105.75,B3,59,50,480,1,raw_midi,4,
496,50760,105.75,D4,62,50,480,1,raw_midi,4,
497,50760,105.75,G4,67,50,480,1,raw_midi,4,
498,50880,106,G2,43,50,120,0.25,raw_midi,4,
499,50880,106,G3,55,50,120,0.25,raw_midi,4,
500,51720,107.75,B3,59,79,480,1,raw_midi,4,
501,51720,107.75,D4,62,79,480,1,raw_midi,4,
502,51720,107.75,G4,67,79,480,1,raw_midi,4,
503,51720,107.75,B4,71,79,480,1,raw_midi,4,
504,51840,108,G2,43,79,120,0.25,raw_midi,4,
505,51840,108,G3,55,79,120,0.25,raw_midi,4,
506,52200,108.75,G4,67,86,480,1,raw_midi,4,
507,52200,108.75,B4,71,86,480,1,raw_midi,4,
508,52200,108.75,E5,76,86,480,1,raw_midi,4,
509,52200,108.75,G5,79,86,480,1,raw_midi,4,
510,52320,109,E2,40,85,120,0.25,raw_midi,4,
511,52320,109,E3,52,85,120,0.25,raw_midi,4,
512,52680,109.75,F#4,66,79,480,1,raw_midi,4,
513,52680,109.75,A#4,70,79,480,1,raw_midi,4,
514,52680,109.75,C#5,73,79,480,1,raw_midi,4,
515,52680,109.75,F#5,78,79,480,1,raw_midi,4,
516,52800,110,F#2,42,79,120,0.25,raw_midi,4,
517,52800,110,F#3,54,79,120,0.25,raw_midi,4,
518,53760,112,G4,67,53,120,0.25,raw_midi,4,
519,53760,112,B4,71,55,120,0.25,raw_midi,4,
520,53760,112,E5,76,55,120,0.25,raw_midi,4,
521,54240,113,G4,67,50,120,0.25,raw_midi,4,
522,54240,113,B4,71,52,120,0.25,raw_midi,4,
523,54240,113,F5,77,52,120,0.25,raw_midi,4,
524,54720,114,F#4,66,47,120,0.25,raw_midi,4,
525,54720,114,A#4,70,49,120,0.25,raw_midi,4,
526,54720,114,F#5,78,49,120,0.25,raw_midi,4,
527,55560,115.75,B3,59,89,480,1,raw_midi,4,
528,55560,115.75,E4,64,89,480,1,raw_midi,4,
529,55560,115.75,G4,67,89,480,1,raw_midi,4,
530,55560,115.75,B4,71,89,480,1,raw_midi,4,
531,55680,116,G2,43,88,120,0.25,raw_midi,4,
532,55680,116,G3,55,88,120,0.25,raw_midi,4,
533,56040,116.75,G4,67,96,480,1,raw_midi,4,
534,56040,116.75,B4,71,96,480,1,raw_midi,4,
535,56040,116.75,E5,76,96,480,1,raw_midi,4,
536,56040,116.75,G5,79,96,480,1,raw_midi,4,
537,56160,117,E2,40,96,120,0.25,raw_midi,4,
538,56160,117,E3,52,96,120,0.25,raw_midi,4,
539,56520,117.75,F#4,66,91,480,1,raw_midi,4,
540,56520,117.75,A#4,70,91,480,1,raw_midi,4,
541,56520,117.75,C#5,73,91,480,1,raw_midi,4,
542,56520,117.75,F#5,78,91,480,1,raw_midi,4,
543,56640,118,F#2,42,89,120,0.25,raw_midi,4,
544,56640,118,F#3,54,89,120,0.25,raw_midi,4,
545,57600,120,G3,55,57,120,0.25,raw_midi,4,
546,57600,120,E4,64,55,120,0.25,raw_midi,4,
547,57600,120,B4,71,55,120,0.25,raw_midi,4,
548,58080,121,G3,55,55,120,0.25,raw_midi,4,
549,58080,121,F4,65,53,120,0.25,raw_midi,4,
550,58080,121,B4,71,53,120,0.25,raw_midi,4,
551,58560,122,F#3,54,52,120,0.25,raw_midi,4,
552,58560,122,F#4,66,51,120,0.25,raw_midi,4,
553,58560,122,A#4,70,51,120,0.25,raw_midi,4,
554,59520,124,G4,67,47,120,0.25,raw_midi,4,
555,59520,124,B4,71,46,120,0.25,raw_midi,4,
556,59520,124,E5,76,46,120,0.25,raw_midi,4,
557,60000,125,G4,67,45,120,0.25,raw_midi,4,
558,60000,125,B4,71,44,120,0.25,raw_midi,4,
559,60000,125,F5,77,44,120,0.25,raw_midi,4,
560,60480,126,F#4,66,42,120,0.25,raw_midi,4,
561,60480,126,A#4,70,41,120,0.25,raw_midi,4,
562,60480,126,F#5,78,41,120,0.25,raw_midi,4,
563,61440,128,G1,31,37,120,0.25,raw_midi,4,
564,61440,128,G2,43,37,120,0.25,raw_midi,4,
565,61440,128,B3,59,37,120,0.25,raw_midi,4,
566,61440,128,E4,64,37,120,0.25,raw_midi,4,
567,61440,128,B4,71,37,120,0.25,raw_midi,4,
568,61920,129,G1,31,34,120,0.25,raw_midi,4,
569,61920,129,G2,43,34,120,0.25,raw_midi,4,
570,61920,129,B3,59,34,120,0.25,raw_midi,4,
571,61920,129,F4,65,34,120,0.25,raw_midi,4,
572,61920,129,B4,71,34,120,0.25,raw_midi,4,
573,62400,130,F#1,30,32,120,0.25,raw_midi,4,
574,62400,130,F#2,42,32,120,0.25,raw_midi,4,
575,62400,130,A#3,58,35,120,0.25,raw_midi,4,
576,62400,130,F#4,66,35,120,0.25,raw_midi,4,
577,62400,130,A#4,70,35,120,0.25,raw_midi,4,
578,62520,130.25,F#4,66,36,120,0.25,raw_midi,4,
579,62640,130.5,F4,65,37,120,0.25,raw_midi,4,
580,62760,130.75,F#4,66,39,120,0.25,raw_midi,4,
581,62880,131,F4,65,40,120,0.25,raw_midi,4,
582,63000,131.25,F#4,66,41,120,0.25,raw_midi,4,
583,63120,131.5,F4,65,42,120,0.25,raw_midi,4,
584,63240,131.75,F#4,66,43,120,0.25,raw_midi,4,
585,63360,132,F4,65,45,120,0.25,raw_midi,4,
586,63480,132.25,F#4,66,46,120,0.25,raw_midi,4,
587,63600,132.5,F4,65,47,120,0.25,raw_midi,4,
588,63720,132.75,F#4,66,48,120,0.25,raw_midi,4,
589,63840,133,F4,65,49,120,0.25,raw_midi,4,
590,63960,133.25,F#4,66,50,120,0.25,raw_midi,4,
591,64080,133.5,G#4,68,52,120,0.25,raw_midi,4,
592,64200,133.75,F#4,66,53,120,0.25,raw_midi,4,
593,64320,134,B2,47,49,960,2,raw_midi,4,
594,64320,134,F#4,66,54,180,0.375,raw_midi,4,
595,64560,134.5,F#3,54,40,240,0.5,raw_midi,4,
596,64560,134.5,B3,59,40,240,0.5,raw_midi,4,
597,64560,134.5,D#4,63,40,240,0.5,raw_midi,4,
598,64560,134.5,D#5,75,59,480,1,raw_midi,4,
599,64800,135,F#3,54,41,240,0.5,raw_midi,4,
600,64800,135,B3,59,41,240,0.5,raw_midi,4,
601,64800,135,D#4,63,41,240,0.5,raw_midi,4,
602,65040,135.5,F#3,54,41,240,0.5,raw_midi,4,
603,65040,135.5,B3,59,41,240,0.5,raw_midi,4,
604,65040,135.5,D#4,63,41,240,0.5,raw_midi,4,
605,65040,135.5,C#5,73,55,240,0.5,raw_midi,4,
606,65280,136,B2,47,50,960,2,raw_midi,4,
607,65280,136,B4,71,53,180,0.375,raw_midi,4,
608,65520,136.5,F#3,54,42,240,0.5,raw_midi,4,
609,65520,136.5,B3,59,42,240,0.5,raw_midi,4,
610,65520,136.5,D#4,63,42,240,0.5,raw_midi,4,
611,65520,136.5,D#5,75,65,480,1,raw_midi,4,
612,65760,137,F#3,54,43,240,0.5,raw_midi,4,
613,65760,137,B3,59,43,240,0.5,raw_midi,4,
614,65760,137,D#4,63,43,240,0.5,raw_midi,4,
615,66000,137.5,F#3,54,43,240,0.5,raw_midi,4,
616,66000,137.5,B3,59,43,240,0.5,raw_midi,4,
617,66000,137.5,D#4,63,43,240,0.5,raw_midi,4,
618,66000,137.5,B4,71,62,240,0.5,raw_midi,4,
619,66240,138,F#2,42,52,960,2,raw_midi,4,
620,66240,138,A#4,70,60,180,0.375,raw_midi,4,
621,66480,138.5,F#3,54,44,240,0.5,raw_midi,4,
622,66480,138.5,C#4,61,44,240,0.5,raw_midi,4,
623,66480,138.5,E4,64,44,240,0.5,raw_midi,4,
624,66480,138.5,F#5,78,64,480,1,raw_midi,4,
625,66720,139,F#3,54,44,240,0.5,raw_midi,4,
626,66720,139,C#4,61,44,240,0.5,raw_midi,4,
627,66720,139,E4,64,44,240,0.5,raw_midi,4,
628,66960,139.5,F#3,54,45,240,0.5,raw_midi,4,
629,66960,139.5,C#4,61,45,240,0.5,raw_midi,4,
630,66960,139.5,E4,64,45,240,0.5,raw_midi,4,
631,66960,139.5,F#5,78,72,480,1,raw_midi,4,
632,67200,140,A#2,46,53,480,1,raw_midi,4,
633,67440,140.5,F#3,54,45,240,0.5,raw_midi,4,
634,67440,140.5,C#4,61,45,240,0.5,raw_midi,4,
635,67440,140.5,E4,64,45,240,0.5,raw_midi,4,
636,67440,140.5,G#5,80,67,120,0.25,raw_midi,4,
637,67560,140.75,F#5,78,65,120,0.25,raw_midi,4,
638,67680,141,F#2,42,54,480,1,raw_midi,4,
639,67680,141,E5,76,63,120,0.25,raw_midi,4,
640,67800,141.25,D#5,75,62,120,0.25,raw_midi,4,
641,67920,141.5,F#3,54,44,240,0.5,raw_midi,4,
642,67920,141.5,C#4,61,44,240,0.5,raw_midi,4,
643,67920,141.5,E4,64,44,240,0.5,raw_midi,4,
644,67920,141.5,E5,76,60,120,0.25,raw_midi,4,
645,68040,141.75,C#5,73,58,120,0.25,raw_midi,4,
646,68160,142,B2,47,54,960,2,raw_midi,4,
647,68160,142,B4,71,59,180,0.375,raw_midi,4,
648,68400,142.5,F#3,54,44,240,0.5,raw_midi,4,
649,68400,142.5,B3,59,44,240,0.5,raw_midi,4,
650,68400,142.5,D#4,63,44,240,0.5,raw_midi,4,
651,68400,142.5,D#5,75,65,480,1,raw_midi,4,
652,68640,143,F#3,54,44,240,0.5,raw_midi,4,
653,68640,143,B3,59,44,240,0.5,raw_midi,4,
654,68640,143,D#4,63,44,240,0.5,raw_midi,4,
655,68880,143.5,F#3,54,43,240,0.5,raw_midi,4,
656,68880,143.5,B3,59,43,240,0.5,raw_midi,4,
657,68880,143.5,D#4,63,43,240,0.5,raw_midi,4,
658,68880,143.5,C#5,73,61,240,0.5,raw_midi,4,
659,69120,144,B2,47,56,960,2,raw_midi,4,
660,69120,144,B4,71,58,180,0.375,raw_midi,4,
661,69360,144.5,F#3,54,43,240,0.5,raw_midi,4,
662,69360,144.5,B3,59,43,240,0.5,raw_midi,4,
663,69360,144.5,D#4,63,43,240,0.5,raw_midi,4,
664,69360,144.5,D#5,75,63,480,1,raw_midi,4,
665,69600,145,F#3,54,42,240,0.5,raw_midi,4,
666,69600,145,B3,59,42,240,0.5,raw_midi,4,
667,69600,145,D#4,63,42,240,0.5,raw_midi,4,
668,69840,145.5,F#3,54,42,240,0.5,raw_midi,4,
669,69840,145.5,B3,59,42,240,0.5,raw_midi,4,
670,69840,145.5,D#4,63,42,240,0.5,raw_midi,4,
671,69840,145.5,B4,71,55,240,0.5,raw_midi,4,
672,70080,146,F#2,42,53,960,2,raw_midi,4,
673,70080,146,F#3,54,42,240,0.5,raw_midi,4,
674,70080,146,C#4,61,42,240,0.5,raw_midi,4,
675,70080,146,E4,64,42,240,0.5,raw_midi,4,
676,70080,146,A#4,70,57,180,0.375,raw_midi,4,
677,70320,146.5,F#3,54,42,240,0.5,raw_midi,4,
678,70320,146.5,C#4,61,42,240,0.5,raw_midi,4,
679,70320,146.5,E4,64,42,240,0.5,raw_midi,4,
680,70320,146.5,C#5,73,54,120,0.25,raw_midi,4,
681,70440,146.75,B4,71,53,120,0.25,raw_midi,4,
682,70560,147,F#3,54,41,240,0.5,raw_midi,4,
683,70560,147,C#4,61,41,240,0.5,raw_midi,4,
684,70560,147,E4,64,41,240,0.5,raw_midi,4,
685,70560,147,A#4,70,52,120,0.25,raw_midi,4,
686,70680,147.25,B4,71,51,120,0.25,raw_midi,4,
687,70800,147.5,C#5,73,49,120,0.25,raw_midi,4,
688,70920,147.75,A#4,70,48,120,0.25,raw_midi,4,
689,71040,148,B2,47,46,240,0.5,raw_midi,4,
690,71040,148,B4,71,47,240,0.5,raw_midi,4,
691,71160,148.25,B3,59,45,120,0.25,raw_midi,4,
692,71280,148.5,A3,57,44,120,0.25,raw_midi,4,
693,71400,148.75,G3,55,44,120,0.25,raw_midi,4,
694,71520,149,F#3,54,43,120,0.25,raw_midi,4,
695,71640,149.25,E3,52,42,120,0.25,raw_midi,4,
696,71760,149.5,D3,50,41,120,0.25,raw_midi,4,
697,71880,149.75,C#3,49,40,120,0.25,raw_midi,4,
698,72000,150,B2,47,50,180,0.375,raw_midi,4,
699,72000,150,B3,59,36,120,0.25,raw_midi,4,
700,72000,150,D4,62,36,120,0.25,raw_midi,4,
701,72120,150.25,F#4,66,36,120,0.25,raw_midi,4,
702,72240,150.5,D3,50,55,480,1,raw_midi,4,
703,72240,150.5,B3,59,37,120,0.25,raw_midi,4,
704,72240,150.5,D4,62,37,120,0.25,raw_midi,4,
705,72360,150.75,F#4,66,37,120,0.25,raw_midi,4,
706,72480,151,B3,59,37,120,0.25,raw_midi,4,
707,72480,151,D4,62,37,120,0.25,raw_midi,4,
708,72600,151.25,F#4,66,38,120,0.25,raw_midi,4,
709,72720,151.5,C#3,49,52,240,0.5,raw_midi,4,
710,72720,151.5,B3,59,38,120,0.25,raw_midi,4,
711,72720,151.5,D4,62,38,120,0.25,raw_midi,4,
712,72840,151.75,F#4,66,38,120,0.25,raw_midi,4,
713,72960,152,B2,47,50,180,0.375,raw_midi,4,
714,72960,152,B3,59,39,120,0.25,raw_midi,4,
715,72960,152,D4,62,39,120,0.25,raw_midi,4,
716,73080,152.25,F#4,66,39,120,0.25,raw_midi,4,
717,73200,152.5,D3,50,59,480,1,raw_midi,4,
718,73200,152.5,B3,59,40,120,0.25,raw_midi,4,
719,73200,152.5,D4,62,40,120,0.25,raw_midi,4,
720,73320,152.75,F#4,66,40,120,0.25,raw_midi,4,
721,73440,153,B3,59,40,120,0.25,raw_midi,4,
722,73440,153,D4,62,40,120,0.25,raw_midi,4,
723,73560,153.25,F#4,66,41,120,0.25,raw_midi,4,
724,73680,153.5,B2,47,55,240,0.5,raw_midi,4,
725,73680,153.5,B3,59,41,120,0.25,raw_midi,4,
726,73680,153.5,D4,62,41,120,0.25,raw_midi,4,
727,73800,153.75,F#4,66,42,120,0.25,raw_midi,4,
728,73920,154,A#2,46,52,180,0.375,raw_midi,4,
729,73920,154,C#4,61,42,120,0.25,raw_midi,4,
730,73920,154,E4,64,42,120,0.25,raw_midi,4,
731,74040,154.25,F#4,66,42,120,0.25,raw_midi,4,
732,74160,154.5,F#3,54,64,480,1,raw_midi,4,
733,74160,154.5,C#4,61,43,120,0.25,raw_midi,4,
734,74160,154.5,E4,64,43,120,0.25,raw_midi,4,
735,74280,154.75,F#4,66,43,120,0.25,raw_midi,4,
736,74400,155,A#3,58,43,120,0.25,raw_midi,4,
737,74400,155,C#4,61,43,120,0.25,raw_midi,4,
738,74520,155.25,F#4,66,44,120,0.25,raw_midi,4,
739,74640,155.5,F#3,54,67,419,0.8729166667,raw_midi,4,
740,74640,155.5,A#3,58,44,120,0.25,raw_midi,4,
741,74640,155.5,C#4,61,44,120,0.25,raw_midi,4,
742,74760,155.75,F#4,66,45,120,0.25,raw_midi,4,
743,74880,156,A#3,58,43,120,0.25,raw_midi,4,
744,74880,156,C#4,61,43,120,0.25,raw_midi,4,
745,75000,156.25,F#4,66,43,120,0.25,raw_midi,4,
746,75120,156.5,G3,55,60,120,0.25,raw_midi,4,
747,75120,156.5,A#3,58,42,120,0.25,raw_midi,4,
748,75120,156.5,C#4,61,42,120,0.25,raw_midi,4,
749,75240,156.75,F#3,54,58,120,0.25,raw_midi,4,
750,75240,156.75,F#4,66,42,120,0.25,raw_midi,4,
751,75360,157,E3,52,56,120,0.25,raw_midi,4,
752,75360,157,A#3,58,41,120,0.25,raw_midi,4,
753,75360,157,C#4,61,41,120,0.25,raw_midi,4,
754,75480,157.25,D3,50,54,120,0.25,raw_midi,4,
755,75480,157.25,F#4,66,40,120,0.25,raw_midi,4,
756,75600,157.5,E3,52,52,120,0.25,raw_midi,4,
757,75600,157.5,A#3,58,40,120,0.25,raw_midi,4,
758,75600,157.5,C#4,61,40,120,0.25,raw_midi,4,
759,75720,157.75,C#3,49,50,120,0.25,raw_midi,4,
760,75720,157.75,F#4,66,39,120,0.25,raw_midi,4,
761,75840,158,B2,47,49,180,0.375,raw_midi,4,
762,75840,158,B3,59,40,120,0.25,raw_midi,4,
763,75840,158,D4,62,40,120,0.25,raw_midi,4,
764,75960,158.25,F#4,66,40,120,0.25,raw_midi,4,
765,76080,158.5,D3,50,61,480,1,raw_midi,4,
766,76080,158.5,B3,59,41,120,0.25,raw_midi,4,
767,76080,158.5,D4,62,41,120,0.25,raw_midi,4,
768,76200,158.75,F#4,66,41,120,0.25,raw_midi,4,
769,76320,159,B3,59,41,120,0.25,raw_midi,4,
770,76320,159,F4,65,41,120,0.25,raw_midi,4,
771,76440,159.25,G#4,68,42,120,0.25,raw_midi,4,
772,76560,159.5,D3,50,54,240,0.5,raw_midi,4,
773,76560,159.5,B3,59,42,120,0.25,raw_midi,4,
774,76560,159.5,F4,65,42,120,0.25,raw_midi,4,
775,76680,159.75,G#4,68,44,120,0.25,raw_midi,4,
776,76800,160,C#3,49,69,180,0.375,raw_midi,4,
777,76800,160,E4,64,44,120,0.25,raw_midi,4,
778,76800,160,G4,67,44,120,0.25,raw_midi,4,
779,76920,160.25,A4,69,45,120,0.25,raw_midi,4,
780,77040,160.5,E3,52,63,120,0.25,raw_midi,1,
781,77040,160.5,E4,64,45,120,0.25,raw_midi,4,
782,77040,160.5,G4,67,45,120,0.25,raw_midi,4,
783,77160,160.75,D3,50,62,120,0.25,raw_midi,2,
784,77160,160.75,A4,69,46,120,0.25,raw_midi,4,
785,77280,161,C#3,49,60,120,0.25,raw_midi,2,
786,77280,161,E4,64,47,120,0.25,raw_midi,4,
787,77280,161,G4,67,47,120,0.25,raw_midi,4,
788,77400,161.25,D3,50,59,120,0.25,raw_midi,2,
789,77400,161.25,A4,69,47,120,0.25,raw_midi,4,
790,77520,161.5,E3,52,57,120,0.25,raw_midi,2,
791,77520,161.5,E4,64,48,120,0.25,raw_midi,4,
792,77520,161.5,G4,67,48,120,0.25,raw_midi,4,
793,77640,161.75,C#3,49,56,120,0.25,raw_midi,3,
794,77640,161.75,A4,69,48,120,0.25,raw_midi,4,
795,77760,162,D3,50,54,180,0.375,raw_midi,4,
796,77760,162,D4,62,49,120,0.25,raw_midi,4,
797,77760,162,F#4,66,49,120,0.25,raw_midi,4,
798,77880,162.25,A4,69,49,120,0.25,raw_midi,4,
799,78000,162.5,F#3,54,71,480,1,raw_midi,4,
800,78000,162.5,D4,62,50,120,0.25,raw_midi,4,
801,78000,162.5,F#4,66,50,120,0.25,raw_midi,4,
802,78120,162.75,A4,69,51,120,0.25,raw_midi,4,
803,78240,163,D#4,63,51,120,0.25,raw_midi,4,
804,78240,163,A4,69,51,120,0.25,raw_midi,4,
805,78360,163.25,C5,72,52,120,0.25,raw_midi,4,
806,78480,163.5,F#3,54,63,240,0.5,raw_midi,4,
807,78480,163.5,D#4,63,52,120,0.25,raw_midi,4,
808,78480,163.5,A4,69,52,120,0.25,raw_midi,4,
809,78600,163.75,C5,72,53,120,0.25,raw_midi,4,
810,78720,164,F3,53,81,180,0.375,raw_midi,4,
811,78720,164,G#4,68,53,120,0.25,raw_midi,4,
812,78720,164,B4,71,53,120,0.25,raw_midi,4,
813,78840,164.25,C#5,73,54,120,0.25,raw_midi,4,
814,78960,164.5,G#3,56,78,120,0.25,raw_midi,1,
815,78960,164.5,G#4,68,55,120,0.25,raw_midi,4,
816,78960,164.5,B4,71,55,120,0.25,raw_midi,4,
817,79080,164.75,F#3,54,77,120,0.25,raw_midi,2,
818,79080,164.75,C#5,73,55,120,0.25,raw_midi,4,
819,79200,165,F3,53,76,120,0.25,raw_midi,2,
820,79200,165,G#4,68,56,120,0.25,raw_midi,4,
821,79200,165,B4,71,56,120,0.25,raw_midi,4,
822,79320,165.25,F#3,54,74,120,0.25,raw_midi,2,
823,79320,165.25,C#5,73,56,120,0.25,raw_midi,4,
824,79440,165.5,G#3,56,73,120,0.25,raw_midi,2,
825,79440,165.5,G#4,68,57,120,0.25,raw_midi,4,
826,79440,165.5,B4,71,57,120,0.25,raw_midi,4,
827,79560,165.75,F3,53,72,120,0.25,raw_midi,3,
828,79560,165.75,C#5,73,57,120,0.25,raw_midi,4,
829,79680,166,F#3,54,70,180,0.375,raw_midi,4,
830,79680,166,F#4,66,58,120,0.25,raw_midi,4,
831,79680,166,A4,69,58,120,0.25,raw_midi,4,
832,79800,166.25,C#5,73,59,120,0.25,raw_midi,4,
833,79920,166.5,A3,57,83,480,1,raw_midi,4,
834,79920,166.5,F#4,66,59,120,0.25,raw_midi,4,
835,79920,166.5,A4,69,59,120,0.25,raw_midi,4,
836,80040,166.75,C#5,73,60,120,0.25,raw_midi,4,
837,80160,167,F#4,66,60,120,0.25,raw_midi,4,
838,80160,167,A4,69,60,120,0.25,raw_midi,4,
839,80280,167.25,C#5,73,61,120,0.25,raw_midi,4,
840,80400,167.5,A3,57,73,240,0.5,raw_midi,4,
841,80400,167.5,F#4,66,61,120,0.25,raw_midi,4,
842,80400,167.5,A4,69,61,120,0.25,raw_midi,4,
843,80520,167.75,C#5,73,62,120,0.25,raw_midi,4,
844,80640,168,A3,57,70,240,0.5,raw_midi,1,
845,80640,168,F#4,66,65,120,0.25,raw_midi,4,
846,80760,168.25,D#5,75,65,120,0.25,raw_midi,4,
847,80880,168.5,B2,47,78,480,1,raw_midi,3,
848,80880,168.5,B4,71,64,120,0.25,raw_midi,4,
849,81000,168.75,D#5,75,64,120,0.25,raw_midi,4,
850,81120,169,G4,67,63,120,0.25,raw_midi,4,
851,81240,169.25,E5,76,63,120,0.25,raw_midi,4,
852,81360,169.5,G3,55,69,240,0.5,raw_midi,4,
853,81360,169.5,B4,71,63,120,0.25,raw_midi,4,
854,81480,169.75,E5,76,62,120,0.25,raw_midi,4,
855,81600,170,G3,55,67,240,0.5,raw_midi,1,
856,81600,170,E4,64,62,120,0.25,raw_midi,4,
857,81720,170.25,C#5,73,61,120,0.25,raw_midi,4,
858,81840,170.5,A2,45,75,480,1,raw_midi,3,
859,81840,170.5,A4,69,61,120,0.25,raw_midi,4,
860,81960,170.75,C#5,73,60,120,0.25,raw_midi,4,
861,82080,171,F#4,66,60,120,0.25,raw_midi,4,
862,82200,171.25,D5,74,59,120,0.25,raw_midi,4,
863,82320,171.5,F#3,54,65,240,0.5,raw_midi,4,
864,82320,171.5,A4,69,59,120,0.25,raw_midi,4,
865,82440,171.75,D5,74,58,120,0.25,raw_midi,4,
866,82560,172,F#3,54,62,240,0.5,raw_midi,1,
867,82560,172,D4,62,58,120,0.25,raw_midi,4,
868,82680,172.25,B4,71,57,120,0.25,raw_midi,4,
869,82800,172.5,G2,43,73,480,1,raw_midi,3,
870,82800,172.5,G4,67,57,120,0.25,raw_midi,4,
871,82920,172.75,B4,71,56,120,0.25,raw_midi,4,
872,83040,173,E4,64,56,120,0.25,raw_midi,4,
873,83160,173.25,C#5,73,55,120,0.25,raw_midi,4,
874,83280,173.5,E3,52,65,240,0.5,raw_midi,4,
875,83280,173.5,G4,67,56,120,0.25,raw_midi,4,
876,83400,173.75,C#5,73,54,120,0.25,raw_midi,4,
877,83520,174,E3,52,64,720,1.5,raw_midi,1,
878,83520,174,C#4,61,55,120,0.25,raw_midi,4,
879,83640,174.25,A#4,70,53,120,0.25,raw_midi,4,
880,83760,174.5,F#2,42,62,240,0.5,raw_midi,4,
881,83760,174.5,F#4,66,54,120,0.25,raw_midi,4,
882,83880,174.75,A#4,70,52,120,0.25,raw_midi,4,
883,84000,175,G2,43,61,480,1,raw_midi,4,
884,84000,175,B3,59,53,120,0.25,raw_midi,4,
885,84120,175.25,B4,71,51,120,0.25,raw_midi,4,
886,84240,175.5,D3,50,59,240,0.5,raw_midi,3,
887,84240,175.5,B3,59,52,120,0.25,raw_midi,4,
888,84360,175.75,B4,71,50,120,0.25,raw_midi,4,
889,84480,176,E2,40,63,480,1,raw_midi,4,
890,84480,176,D3,50,58,240,0.5,raw_midi,1,
891,84480,176,G4,67,51,120,0.25,raw_midi,4,
892,84600,176.25,G5,79,49,120,0.25,raw_midi,4,
893,84720,176.5,C#3,49,56,240,0.5,raw_midi,2,
894,84720,176.5,G4,67,50,120,0.25,raw_midi,4,
895,84840,176.75,G5,79,48,120,0.25,raw_midi,4,
896,84960,177,F#2,42,60,480,1,raw_midi,4,
897,84960,177,B2,47,55,240,0.5,raw_midi,2,
898,84960,177,C#4,61,49,120,0.25,raw_midi,4,
899,85080,177.25,C#5,73,47,120,0.25,raw_midi,4,
900,85200,177.5,A#2,46,53,240,0.5,raw_midi,3,
901,85200,177.5,F#4,66,48,120,0.25,raw_midi,4,
902,85320,177.75,F#5,78,46,120,0.25,raw_midi,4,
903,85440,178,B1,35,57,960,2,raw_midi,4,
904,85440,178,B2,47,57,960,2,raw_midi,4,
905,85440,178,B3,59,44,180,0.375,raw_midi,4,
906,85440,178,B4,71,44,180,0.375,raw_midi,4,
907,85680,178.5,B3,59,40,240,0.5,raw_midi,4,
908,85680,178.5,D4,62,40,240,0.5,raw_midi,4,
909,85680,178.5,D5,74,51,480,1,raw_midi,4,
910,85920,179,B3,59,41,240,0.5,raw_midi,4,
911,85920,179,D4,62,41,240,0.5,raw_midi,4,
912,86160,179.5,B3,59,42,240,0.5,raw_midi,4,
913,86160,179.5,D4,62,42,240,0.5,raw_midi,4,
914,86160,179.5,D5,74,46,240,0.5,raw_midi,4,
915,86400,180,A2,45,55,960,2,raw_midi,4,
916,86400,180,C#5,73,58,180,0.375,raw_midi,4,
917,86640,180.5,A3,57,44,240,0.5,raw_midi,4,
918,86640,180.5,C#4,61,44,240,0.5,raw_midi,4,
919,86640,180.5,E4,64,44,240,0.5,raw_midi,4,
920,86640,180.5,E5,76,55,120,0.25,raw_midi,1,
921,86760,180.75,D5,74,54,120,0.25,raw_midi,2,
922,86880,181,A3,57,45,240,0.5,raw_midi,4,
923,86880,181,C#4,61,45,240,0.5,raw_midi,4,
924,86880,181,E4,64,45,240,0.5,raw_midi,4,
925,86880,181,C#5,73,53,120,0.25,raw_midi,2,
926,87000,181.25,D5,74,52,120,0.25,raw_midi,2,
927,87120,181.5,A3,57,46,240,0.5,raw_midi,4,
928,87120,181.5,C#4,61,46,240,0.5,raw_midi,4,
929,87120,181.5,E4,64,46,240,0.5,raw_midi,4,
930,87120,181.5,E5,76,52,120,0.25,raw_midi,2,
931,87240,181.75,C#5,73,51,120,0.25,raw_midi,3,
932,87360,182,D3,50,59,960,2,raw_midi,4,
933,87360,182,D5,74,50,180,0.375,raw_midi,4,
934,87600,182.5,D4,62,48,240,0.5,raw_midi,4,
935,87600,182.5,F#4,66,48,240,0.5,raw_midi,4,
936,87600,182.5,F#5,78,61,480,1,raw_midi,4,
937,87840,183,D4,62,49,240,0.5,raw_midi,4,
938,87840,183,F#4,66,49,240,0.5,raw_midi,4,
939,88080,183.5,D4,62,50,240,0.5,raw_midi,4,
940,88080,183.5,F#4,66,50,240,0.5,raw_midi,4,
941,88080,183.5,F#5,78,57,240,0.5,raw_midi,4,
942,88320,184,C#3,49,62,960,2,raw_midi,4,
943,88320,184,F5,77,70,180,0.375,raw_midi,4,
944,88560,184.5,C#4,61,52,240,0.5,raw_midi,4,
945,88560,184.5,F4,65,52,240,0.5,raw_midi,4,
946,88560,184.5,G#4,68,52,240,0.5,raw_midi,4,
947,88560,184.5,G#5,80,65,120,0.25,raw_midi,1,
948,88680,184.75,F#5,78,64,120,0.25,raw_midi,2,
949,88800,185,C#4,61,53,240,0.5,raw_midi,4,
950,88800,185,F4,65,53,240,0.5,raw_midi,4,
951,88800,185,G#4,68,53,240,0.5,raw_midi,4,
952,88800,185,F5,77,63,120,0.25,raw_midi,2,
953,88920,185.25,F#5,78,62,120,0.25,raw_midi,2,
954,89040,185.5,C#4,61,54,240,0.5,raw_midi,4,
955,89040,185.5,F4,65,54,240,0.5,raw_midi,4,
956,89040,185.5,G#4,68,54,240,0.5,raw_midi,4,
957,89040,185.5,G#5,80,62,120,0.25,raw_midi,2,
958,89160,185.75,F5,77,61,120,0.25,raw_midi,3,
959,89280,186,F#3,54,65,960,2,raw_midi,4,
960,89280,186,F#5,78,60,180,0.375,raw_midi,4,
961,89520,186.5,F#4,66,56,240,0.5,raw_midi,4,
962,89520,186.5,A4,69,56,240,0.5,raw_midi,4,
963,89520,186.5,A5,81,71,480,1,raw_midi,4,
964,89760,187,F#4,66,57,240,0.5,raw_midi,4,
965,89760,187,A4,69,57,240,0.5,raw_midi,4,
966,90000,187.5,F#4,66,58,240,0.5,raw_midi,4,
967,90000,187.5,A4,69,58,240,0.5,raw_midi,4,
968,90000,187.5,A5,81,68,240,0.5,raw_midi,4,
969,90240,188,D#3,51,69,480,1,raw_midi,4,
970,90240,188,A5,81,66,600,1.25,raw_midi,1,
971,90360,188.25,B4,71,65,120,0.25,raw_midi,1,
972,90480,188.5,D#4,63,60,240,0.5,raw_midi,4,
973,90480,188.5,F#4,66,60,240,0.5,raw_midi,4,
974,90480,188.5,A#4,70,65,120,0.25,raw_midi,2,
975,90600,188.75,B4,71,66,120,0.25,raw_midi,3,
976,90720,189,E3,52,70,480,1,raw_midi,4,
977,90720,189,B4,71,66,600,1.25,raw_midi,1,
978,90840,189.25,G5,79,70,120,0.25,raw_midi,2,
979,90960,189.5,E4,64,62,240,0.5,raw_midi,4,
980,90960,189.5,G4,67,62,240,0.5,raw_midi,4,
981,90960,189.5,F#5,78,71,120,0.25,raw_midi,2,
982,91080,189.75,G5,79,71,120,0.25,raw_midi,3,
983,91200,190,C#3,49,72,480,1,raw_midi,4,
984,91200,190,G5,79,72,600,1.25,raw_midi,1,
985,91320,190.25,A4,69,69,120,0.25,raw_midi,2,
986,91440,190.5,C#4,61,64,240,0.5,raw_midi,4,
987,91440,190.5,E4,64,64,240,0.5,raw_midi,4,
988,91440,190.5,G#4,68,69,120,0.25,raw_midi,2,
989,91560,190.75,A4,69,70,120,0.25,raw_midi,3,
990,91680,191,D3,50,73,480,1,raw_midi,4,
991,91680,191,A4,69,71,600,1.25,raw_midi,1,
992,91800,191.25,F#5,78,75,120,0.25,raw_midi,2,
993,91920,191.5,D4,62,66,240,0.5,raw_midi,4,
994,91920,191.5,F#4,66,66,240,0.5,raw_midi,4,
995,91920,191.5,F5,77,75,120,0.25,raw_midi,2,
996,92040,191.75,F#5,78,76,120,0.25,raw_midi,3,
997,92160,192,B2,47,75,480,1,raw_midi,4,
998,92160,192,F#5,78,76,600,1.25,raw_midi,1,
999,92280,192.25,G4,67,73,120,0.25,raw_midi,2,
1000,92400,192.5,B3,59,68,240,0.5,raw_midi,4,
1001,92400,192.5,D4,62,68,240,0.5,raw_midi,4,
1002,92400,192.5,F#4,66,74,120,0.25,raw_midi,2,
1003,92520,192.75,G4,67,74,120,0.25,raw_midi,3,
1004,92640,193,C#3,49,77,480,1,raw_midi,4,
1005,92640,193,G4,67,75,480,1,raw_midi,1,
1006,92760,193.25,E5,76,79,120,0.25,raw_midi,2,
1007,92880,193.5,C#4,61,70,240,0.5,raw_midi,4,
1008,92880,193.5,E4,64,70,240,0.5,raw_midi,4,
1009,92880,193.5,F#5,78,80,120,0.25,raw_midi,2,
1010,93000,193.75,E5,76,81,120,0.25,raw_midi,3,
1011,93120,194,A#2,46,78,480,1,raw_midi,4,
1012,93120,194,F#4,66,77,368,0.7666666667,raw_midi,3,
1013,93120,194,E5,76,81,120,0.25,raw_midi,4,
1014,93240,194.25,E5,76,80,120,0.25,raw_midi,4,
1015,93360,194.5,A#3,58,70,240,0.5,raw_midi,4,
1016,93360,194.5,C#4,61,70,240,0.5,raw_midi,4,
1017,93360,194.5,F#5,78,80,120,0.25,raw_midi,4,
1018,93480,194.75,E5,76,79,120,0.25,raw_midi,4,
1019,93600,195,B2,47,74,480,1,raw_midi,4,
1020,93600,195,F#4,66,75,368,0.7666666667,raw_midi,4,
1021,93720,195.25,D5,74,77,120,0.25,raw_midi,4,
1022,93840,195.5,B3,59,68,240,0.5,raw_midi,4,
1023,93840,195.5,D4,62,68,240,0.5,raw_midi,4,
1024,93840,195.5,E5,76,77,120,0.25,raw_midi,4,
1025,93960,195.75,D5,74,76,120,0.25,raw_midi,4,
1026,94080,196,E2,40,72,480,1,raw_midi,4,
1027,94080,196,E4,64,73,368,0.7666666667,raw_midi,4,
1028,94080,196,G4,67,73,368,0.7666666667,raw_midi,4,
1029,94200,196.25,C#5,73,74,120,0.25,raw_midi,4,
1030,94320,196.5,E3,52,66,240,0.5,raw_midi,4,
1031,94320,196.5,D5,74,74,120,0.25,raw_midi,4,
1032,94440,196.75,C#5,73,73,120,0.25,raw_midi,4,
1033,94560,197,F#2,42,70,480,1,raw_midi,4,
1034,94560,197,C#4,61,70,368,0.7666666667,raw_midi,4,
1035,94560,197,E4,64,70,368,0.7666666667,raw_midi,4,
1036,94680,197.25,A#4,70,71,120,0.25,raw_midi,4,
1037,94800,197.5,F#3,54,63,240,0.5,raw_midi,4,
1038,94800,197.5,B4,71,70,120,0.25,raw_midi,4,
1039,94920,197.75,A#4,70,70,120,0.25,raw_midi,4,
1040,95040,198,B2,47,67,480,1,raw_midi,4,
1041,95040,198,B4,71,69,480,1,raw_midi,4,
1042,95280,198.5,F#3,54,43,240,0.5,raw_midi,4,
1043,95280,198.5,D4,62,43,240,0.5,raw_midi,4,
1044,95280,198.5,F#4,66,43,240,0.5,raw_midi,4,
1045,95520,199,F#3,54,46,240,0.5,raw_midi,4,
1046,95520,199,D4,62,46,240,0.5,raw_midi,4,
1047,95520,199,F#4,66,46,240,0.5,raw_midi,4,
1048,95760,199.5,F#3,54,49,240,0.5,raw_midi,4,
1049,95760,199.5,D4,62,49,240,0.5,raw_midi,4,
1050,95760,199.5,F#4,66,49,240,0.5,raw_midi,4,
1051,95760,199.5,D5,74,52,240,0.5,raw_midi,4,
1052,96000,200,F#2,42,61,960,2,raw_midi,4,
1053,96000,200,C#5,73,57,720,1.5,raw_midi,4,
1054,96240,200.5,F#3,54,51,240,0.5,raw_midi,4,
1055,96240,200.5,E4,64,51,240,0.5,raw_midi,4,
1056,96240,200.5,F#4,66,51,240,0.5,raw_midi,4,
1057,96480,201,F#3,54,48,240,0.5,raw_midi,4,
1058,96480,201,E4,64,48,240,0.5,raw_midi,4,
1059,96480,201,F#4,66,48,240,0.5,raw_midi,4,
1060,96720,201.5,F#3,54,46,240,0.5,raw_midi,4,
1061,96720,201.5,E4,64,46,240,0.5,raw_midi,4,
1062,96720,201.5,F#4,66,46,240,0.5,raw_midi,4,
1063,96720,201.5,A#4,70,52,240,0.5,raw_midi,4,
1064,96960,202,B2,47,52,480,1,raw_midi,4,
1065,96960,202,B4,71,50,480,1,raw_midi,4,
1066,97200,202.5,F#3,54,45,240,0.5,raw_midi,4,
1067,97200,202.5,D#4,63,45,240,0.5,raw_midi,4,
1068,97200,202.5,F#4,66,45,240,0.5,raw_midi,4,
1069,97440,203,F#3,54,47,240,0.5,raw_midi,4,
1070,97440,203,D#4,63,47,240,0.5,raw_midi,4,
1071,97440,203,F#4,66,47,240,0.5,raw_midi,4,
1072,97680,203.5,F#3,54,50,240,0.5,raw_midi,4,
1073,97680,203.5,D#4,63,50,240,0.5,raw_midi,4,
1074,97680,203.5,F#4,66,50,240,0.5,raw_midi,4,
1075,97680,203.5,D#5,75,55,240,0.5,raw_midi,4,
1076,97920,204,F#2,42,58,960,2,raw_midi,4,
1077,97920,204,C#5,73,57,720,1.5,raw_midi,4,
1078,98160,204.5,F#3,54,51,240,0.5,raw_midi,4,
1079,98160,204.5,E4,64,51,240,0.5,raw_midi,4,
1080,98160,204.5,F#4,66,51,240,0.5,raw_midi,4,
1081,98400,205,F#3,54,48,240,0.5,raw_midi,4,
1082,98400,205,E4,64,48,240,0.5,raw_midi,4,
1083,98400,205,F#4,66,48,240,0.5,raw_midi,4,
1084,98640,205.5,F#3,54,46,240,0.5,raw_midi,4,
1085,98640,205.5,E4,64,46,240,0.5,raw_midi,4,
1086,98640,205.5,F#4,66,46,240,0.5,raw_midi,4,
1087,98640,205.5,A#4,70,51,240,0.5,raw_midi,4,
1088,98880,206,B2,47,52,480,1,raw_midi,4,
1089,98880,206,B4,71,49,480,1,raw_midi,4,
1090,99120,206.5,F#3,54,29,240,0.5,raw_midi,4,
1091,99120,206.5,D4,62,29,240,0.5,raw_midi,4,
1092,99120,206.5,F#4,66,29,240,0.5,raw_midi,4,
1093,99360,207,F#3,54,31,240,0.5,raw_midi,4,
1094,99360,207,D4,62,31,240,0.5,raw_midi,4,
1095,99360,207,F#4,66,31,240,0.5,raw_midi,4,
1096,99600,207.5,F#3,54,34,240,0.5,raw_midi,4,
1097,99600,207.5,D4,62,34,240,0.5,raw_midi,4,
1098,99600,207.5,F#4,66,34,240,0.5,raw_midi,4,
1099,99600,207.5,D5,74,37,240,0.5,raw_midi,4,
1100,99840,208,F#2,42,46,960,2,raw_midi,4,
1101,99840,208,C#5,73,41,720,1.5,raw_midi,4,
1102,100080,208.5,F#3,54,36,240,0.5,raw_midi,4,
1103,100080,208.5,E4,64,36,240,0.5,raw_midi,4,
1104,100080,208.5,F#4,66,36,240,0.5,raw_midi,4,
1105,100320,209,F#3,54,34,240,0.5,raw_midi,4,
1106,100320,209,E4,64,34,240,0.5,raw_midi,4,
1107,100320,209,F#4,66,34,240,0.5,raw_midi,4,
1108,100560,209.5,F#3,54,33,240,0.5,raw_midi,4,
1109,100560,209.5,E4,64,33,240,0.5,raw_midi,4,
1110,100560,209.5,F#4,66,33,240,0.5,raw_midi,4,
1111,100560,209.5,A#4,70,41,240,0.5,raw_midi,4,
1112,100800,210,B2,47,41,240,0.5,raw_midi,4,
1113,100800,210,F#3,54,36,240,0.5,raw_midi,4,
1114,100800,210,D4,62,36,240,0.5,raw_midi,4,
1115,100800,210,F#4,66,36,240,0.5,raw_midi,4,
1116,100800,210,B4,71,42,156,0.325,raw_midi,4,
1117,101040,210.5,F#3,54,38,240,0.5,raw_midi,4,
1118,101040,210.5,D4,62,38,240,0.5,raw_midi,4,
1119,101040,210.5,F#4,66,38,240,0.5,raw_midi,4,
1120,101040,210.5,D5,74,44,156,0.325,raw_midi,4,
1121,101280,211,F#2,42,41,240,0.5,raw_midi,4,
1122,101280,211,F#3,54,39,240,0.5,raw_midi,4,
1123,101280,211,E4,64,39,240,0.5,raw_midi,4,
1124,101280,211,F#4,66,39,240,0.5,raw_midi,4,
1125,101280,211,C#5,73,45,156,0.325,raw_midi,4,
1126,101520,211.5,F#3,54,41,240,0.5,raw_midi,4,
1127,101520,211.5,E4,64,41,240,0.5,raw_midi,4,
1128,101520,211.5,F#4,66,41,240,0.5,raw_midi,4,
1129,101520,211.5,A#4,70,47,156,0.325,raw_midi,4,
1130,101760,212,B2,47,47,240,0.5,raw_midi,4,
1131,101760,212,F#3,54,42,156,0.325,raw_midi,4,
1132,101760,212,D4,62,42,156,0.325,raw_midi,4,
1133,101760,212,F#4,66,42,156,0.325,raw_midi,4,
1134,101760,212,B4,71,48,156,0.325,raw_midi,4,
1135,102000,212.5,F#3,54,43,156,0.325,raw_midi,4,
1136,102000,212.5,D4,62,43,156,0.325,raw_midi,4,
1137,102000,212.5,F#4,66,43,156,0.325,raw_midi,4,
1138,102000,212.5,D5,74,49,156,0.325,raw_midi,4,
1139,102240,213,F#2,42,50,240,0.5,raw_midi,4,
1140,102240,213,F#3,54,45,156,0.325,raw_midi,4,
1141,102240,213,E4,64,45,156,0.325,raw_midi,4,
1142,102240,213,F#4,66,45,156,0.325,raw_midi,4,
1143,102240,213,C#5,73,51,156,0.325,raw_midi,4,
1144,102480,213.5,F#3,54,46,156,0.325,raw_midi,4,
1145,102480,213.5,E4,64,46,156,0.325,raw_midi,4,
1146,102480,213.5,F#4,66,46,156,0.325,raw_midi,4,
1147,102480,213.5,A#4,70,52,156,0.325,raw_midi,4,
1148,102720,214,B2,47,53,480,1,raw_midi,4,
1149,102720,214,F#3,54,48,156,0.325,raw_midi,4,
1150,102720,214,D4,62,48,156,0.325,raw_midi,4,
1151,102720,214,F#4,66,48,156,0.325,raw_midi,4,
1152,102720,214,B4,71,54,156,0.325,raw_midi,4,
1153,102960,214.5,F#3,54,49,156,0.325,raw_midi,4,
1154,102960,214.5,D4,62,49,156,0.325,raw_midi,4,
1155,102960,214.5,F#4,66,49,156,0.325,raw_midi,4,
1156,102960,214.5,D5,74,55,156,0.325,raw_midi,4,
1157,103200,215,F#2,42,55,480,1,raw_midi,4,
1158,103200,215,F#3,54,50,156,0.325,raw_midi,4,
1159,103200,215,E4,64,50,156,0.325,raw_midi,4,
1160,103200,215,F#4,66,50,156,0.325,raw_midi,4,
1161,103200,215,C#5,73,56,156,0.325,raw_midi,4,
1162,103440,215.5,F#3,54,52,156,0.325,raw_midi,4,
1163,103440,215.5,E4,64,52,156,0.325,raw_midi,4,
1164,103440,215.5,F#4,66,52,156,0.325,raw_midi,4,
1165,103440,215.5,A#4,70,58,156,0.325,raw_midi,4,
1166,103680,216,B2,47,58,480,1,raw_midi,4,
1167,103680,216,F#3,54,53,156,0.325,raw_midi,4,
1168,103680,216,D4,62,53,156,0.325,raw_midi,4,
1169,103680,216,F#4,66,53,156,0.325,raw_midi,4,
1170,103680,216,B4,71,59,156,0.325,raw_midi,4,
1171,103920,216.5,F#3,54,55,156,0.325,raw_midi,4,
1172,103920,216.5,D4,62,55,156,0.325,raw_midi,4,
1173,103920,216.5,F#4,66,55,156,0.325,raw_midi,4,
1174,103920,216.5,D5,74,61,156,0.325,raw_midi,4,
1175,104160,217,F#2,42,56,480,1,raw_midi,4,
1176,104160,217,F#3,54,56,156,0.325,raw_midi,4,
1177,104160,217,E4,64,56,156,0.325,raw_midi,4,
1178,104160,217,F#4,66,56,156,0.325,raw_midi,4,
1179,104160,217,C#5,73,62,156,0.325,raw_midi,4,
1180,104400,217.5,F#3,54,57,156,0.325,raw_midi,4,
1181,104400,217.5,E4,64,57,156,0.325,raw_midi,4,
1182,104400,217.5,F#4,66,57,156,0.325,raw_midi,4,
1183,104400,217.5,A#4,70,63,156,0.325,raw_midi,4,
1184,104640,218,B2,47,57,480,1,raw_midi,4,
1185,104640,218,F#3,54,57,480,1,raw_midi,4,
1186,104640,218,D4,62,57,0,0,raw_midi_overlapped,4,
1187,104640,218,D4,62,63,240,0.5,raw_midi,4,
1188,104640,218,F#4,66,57,0,0,raw_midi_overlapped,4,
1189,104640,218,F#4,66,63,240,0.5,raw_midi,4,
1190,104640,218,B4,71,63,312,0.65,raw_midi,4,
1191,105480,219.75,F#3,54,41,480,1,raw_midi,4,
1192,105480,219.75,B3,59,41,480,1,raw_midi,4,
1193,105480,219.75,D4,62,41,480,1,raw_midi,4,
1194,105600,220,B1,35,40,360,0.75,raw_midi,4,
1195,105600,220,B2,47,40,360,0.75,raw_midi,4,
1196,106440,221.75,D3,50,35,480,1,raw_midi,4,
1197,106440,221.75,F#3,54,35,480,1,raw_midi,4,
1198,106440,221.75,B3,59,35,480,1,raw_midi,4,
1199,106560,222,B1,35,34,360,0.75,raw_midi,4,
1200,106560,222,B2,47,34,360,0.75,raw_midi,4,
1201,107520,224,B1,35,33,120,0.25,raw_midi,4,
1202,107520,224,B2,47,38,120,0.25,raw_midi,4,
1203,108000,225,D2,38,42,120,0.25,raw_midi,4,
1204,108000,225,D3,50,46,120,0.25,raw_midi,4,
1205,108360,225.75,G5,79,84,840,1.75,raw_midi,4,
1206,108480,226,G3,55,80,720,1.5,raw_midi,4,
1207,108480,226,B3,59,75,720,1.5,raw_midi,4,
1208,108480,226,D4,62,75,720,1.5,raw_midi,4,
1209,109200,227.5,F#5,78,73,120,0.25,raw_midi,4,
1210,109320,227.75,E5,76,72,120,0.25,raw_midi,4,
1211,109440,228,D5,74,70,120,0.25,raw_midi,4,
1212,109560,228.25,D#5,75,69,120,0.25,raw_midi,4,
1213,109680,228.5,E5,76,67,120,0.25,raw_midi,4,
1214,109800,228.75,B4,71,66,120,0.25,raw_midi,4,
1215,109920,229,D5,74,64,120,0.25,raw_midi,4,
1216,110040,229.25,C5,72,63,120,0.25,raw_midi,4,
1217,110160,229.5,B4,71,62,120,0.25,raw_midi,4,
1218,110280,229.75,A4,69,58,120,0.25,raw_midi,4,
1219,110400,230,G4,67,55,360,0.75,raw_midi,4,
1220,111240,231.75,B3,59,43,480,1,raw_midi,4,
1221,111240,231.75,D4,62,43,480,1,raw_midi,4,
1222,111240,231.75,G4,67,43,480,1,raw_midi,4,
1223,111360,232,G2,43,43,120,0.25,raw_midi,4,
1224,111360,232,G3,55,43,120,0.25,raw_midi,4,
1225,111720,232.75,B3,59,46,480,1,raw_midi,4,
1226,111720,232.75,D4,62,46,480,1,raw_midi,4,
1227,111720,232.75,B4,71,46,480,1,raw_midi,4,
1228,111840,233,G2,43,46,120,0.25,raw_midi,4,
1229,111840,233,G3,55,46,120,0.25,raw_midi,4,
1230,112200,233.75,B3,59,43,480,1,raw_midi,4,
1231,112200,233.75,D4,62,43,480,1,raw_midi,4,
1232,112200,233.75,G4,67,44,480,1,raw_midi,4,
1233,112320,234,G2,43,43,120,0.25,raw_midi,4,
1234,112320,234,G3,55,43,120,0.25,raw_midi,4,
1235,113160,235.75,B3,59,55,480,1,raw_midi,4,
1236,113160,235.75,D4,62,55,480,1,raw_midi,4,
1237,113160,235.75,G4,67,55,480,1,raw_midi,4,
1238,113280,236,G2,43,54,120,0.25,raw_midi,4,
1239,113280,236,G3,55,54,120,0.25,raw_midi,4,
1240,113640,236.75,D4,62,57,480,1,raw_midi,4,
1241,113640,236.75,G4,67,57,480,1,raw_midi,4,
1242,113640,236.75,B4,71,57,480,1,raw_midi,4,
1243,113640,236.75,D5,74,57,480,1,raw_midi,4,
1244,113760,237,G2,43,56,120,0.25,raw_midi,4,
1245,113760,237,G3,55,56,120,0.25,raw_midi,4,
1246,114120,237.75,B3,59,54,480,1,raw_midi,4,
1247,114120,237.75,D4,62,54,480,1,raw_midi,4,
1248,114120,237.75,G4,67,54,480,1,raw_midi,4,
1249,114240,238,G2,43,54,120,0.25,raw_midi,4,
1250,114240,238,G3,55,54,120,0.25,raw_midi,4,
1251,115080,239.75,G3,55,74,480,1,raw_midi,4,
1252,115080,239.75,G4,67,74,480,1,raw_midi,4,
1253,115200,240,F2,41,75,180,0.375,raw_midi,4,
1254,115200,240,F3,53,75,180,0.375,raw_midi,4,
1255,115560,240.75,G4,67,77,480,1,raw_midi,4,
1256,115560,240.75,G5,79,77,480,1,raw_midi,4,
1257,115680,241,F3,53,78,180,0.375,raw_midi,4,
1258,115680,241,B3,59,78,180,0.375,raw_midi,4,
1259,115680,241,D4,62,78,180,0.375,raw_midi,4,
1260,116040,241.75,G3,55,80,480,1,raw_midi,4,
1261,116040,241.75,G4,67,80,480,1,raw_midi,4,
1262,116160,242,D#2,39,80,180,0.375,raw_midi,4,
1263,116160,242,D#3,51,80,180,0.375,raw_midi,4,
1264,116520,242.75,G4,67,83,480,1,raw_midi,4,
1265,116520,242.75,G5,79,83,480,1,raw_midi,4,
1266,116640,243,D#3,51,83,180,0.375,raw_midi,4,
1267,116640,243,G3,55,83,180,0.375,raw_midi,4,
1268,116640,243,C4,60,83,180,0.375,raw_midi,4,
1269,117000,243.75,G3,55,85,480,1,raw_midi,4,
1270,117000,243.75,G4,67,85,480,1,raw_midi,4,
1271,117120,244,D2,38,86,180,0.375,raw_midi,4,
1272,117120,244,D3,50,86,180,0.375,raw_midi,4,
1273,117480,244.75,G4,67,88,480,1,raw_midi,4,
1274,117480,244.75,G5,79,88,480,1,raw_midi,4,
1275,117600,245,D3,50,89,180,0.375,raw_midi,4,
1276,117600,245,F3,53,89,180,0.375,raw_midi,4,
1277,117600,245,B3,59,89,180,0.375,raw_midi,4,
1278,117960,245.75,G3,55,84,480,1,raw_midi,4,
1279,117960,245.75,G4,67,84,480,1,raw_midi,4,
1280,118080,246,C2,36,85,180,0.375,raw_midi,4,
1281,118080,246,D#2,39,85,180,0.375,raw_midi,4,
1282,118080,246,G2,43,85,180,0.375,raw_midi,4,
1283,118080,246,C3,48,85,180,0.375,raw_midi,4,
1284,118920,247.75,C5,72,55,480,1,raw_midi,4,
1285,119040,248,C4,60,47,180,0.375,raw_midi,4,
1286,119040,248,D#4,63,47,180,0.375,raw_midi,4,
1287,119040,248,G4,67,47,180,0.375,raw_midi,4,
1288,119400,248.75,D#5,75,53,480,1,raw_midi,4,
1289,119520,249,C4,60,46,180,0.375,raw_midi,4,
1290,119520,249,D#4,63,46,180,0.375,raw_midi,4,
1291,119520,249,G4,67,46,180,0.375,raw_midi,4,
1292,119880,249.75,C5,72,52,480,1,raw_midi,4,
1293,120000,250,C4,60,44,180,0.375,raw_midi,4,
1294,120000,250,D#4,63,44,180,0.375,raw_midi,4,
1295,120000,250,G4,67,44,180,0.375,raw_midi,4,
1296,120840,251.75,C5,72,48,480,1,raw_midi,4,
1297,120960,252,D#4,63,42,180,0.375,raw_midi,4,
1298,120960,252,G4,67,42,180,0.375,raw_midi,4,
1299,121320,252.75,C6,84,47,480,1,raw_midi,4,
1300,121440,253,D#4,63,40,180,0.375,raw_midi,4,
1301,121440,253,G4,67,40,180,0.375,raw_midi,4,
1302,121800,253.75,C5,72,45,480,1,raw_midi,4,
1303,121920,254,D#4,63,39,180,0.375,raw_midi,4,
1304,121920,254,G4,67,39,180,0.375,raw_midi,4,
1305,122760,255.75,C4,60,78,480,1,raw_midi,4,
1306,122760,255.75,C5,72,78,480,1,raw_midi,4,
1307,122880,256,A#2,46,80,180,0.375,raw_midi,4,
1308,122880,256,A#3,58,80,180,0.375,raw_midi,4,
1309,123240,256.75,C5,72,80,480,1,raw_midi,4,
1310,123240,256.75,C6,84,80,480,1,raw_midi,4,
1311,123360,257,A#3,58,82,180,0.375,raw_midi,4,
1312,123360,257,E4,64,82,180,0.375,raw_midi,4,
1313,123360,257,G4,67,82,180,0.375,raw_midi,4,
1314,123720,257.75,C4,60,82,480,1,raw_midi,4,
1315,123720,257.75,C5,72,82,480,1,raw_midi,4,
1316,123840,258,A2,45,84,180,0.375,raw_midi,4,
1317,123840,258,A3,57,84,180,0.375,raw_midi,4,
1318,124200,258.75,C5,72,83,480,1,raw_midi,4,
1319,124200,258.75,C6,84,83,480,1,raw_midi,4,
1320,124320,259,A3,57,85,180,0.375,raw_midi,4,
1321,124320,259,C4,60,85,180,0.375,raw_midi,4,
1322,124320,259,F4,65,85,180,0.375,raw_midi,4,
1323,124680,259.75,C4,60,85,480,1,raw_midi,4,
1324,124680,259.75,C5,72,85,480,1,raw_midi,4,
1325,124800,260,G2,43,87,180,0.375,raw_midi,4,
1326,124800,260,G3,55,87,180,0.375,raw_midi,4,
1327,125160,260.75,C5,72,87,480,1,raw_midi,4,
1328,125160,260.75,C6,84,87,480,1,raw_midi,4,
1329,125280,261,G3,55,89,180,0.375,raw_midi,4,
1330,125280,261,A#3,58,89,180,0.375,raw_midi,4,
1331,125280,261,E4,64,89,180,0.375,raw_midi,4,
1332,125640,261.75,C4,60,89,480,1,raw_midi,4,
1333,125640,261.75,C5,72,89,480,1,raw_midi,4,
1334,125760,262,F2,41,91,180,0.375,raw_midi,4,
1335,125760,262,F3,53,91,180,0.375,raw_midi,4,
1336,126120,262.75,C5,72,90,480,1,raw_midi,4,
1337,126120,262.75,C6,84,90,480,1,raw_midi,4,
1338,126240,263,F3,53,92,180,0.375,raw_midi,4,
1339,126240,263,A3,57,92,180,0.375,raw_midi,4,
1340,126240,263,C4,60,92,180,0.375,raw_midi,4,
1341,126600,263.75,F4,65,92,480,1,raw_midi,4,
1342,126600,263.75,F5,77,92,480,1,raw_midi,4,
1343,126720,264,D#3,51,94,180,0.375,raw_midi,4,
1344,126720,264,D#4,63,94,180,0.375,raw_midi,4,
1345,127080,264.75,F5,77,94,480,1,raw_midi,4,
1346,127080,264.75,F6,89,94,480,1,raw_midi,4,
1347,127200,265,D#4,63,96,180,0.375,raw_midi,4,
1348,127200,265,A4,69,96,180,0.375,raw_midi,4,
1349,127200,265,C5,72,96,180,0.375,raw_midi,4,
1350,127560,265.75,F4,65,96,480,1,raw_midi,4,
1351,127560,265.75,F5,77,96,480,1,raw_midi,4,
1352,127680,266,D3,50,98,180,0.375,raw_midi,4,
1353,127680,266,D4,62,98,180,0.375,raw_midi,4,
1354,128040,266.75,F5,77,97,480,1,raw_midi,4,
1355,128040,266.75,F6,89,97,480,1,raw_midi,4,
1356,128160,267,D4,62,99,180,0.375,raw_midi,4,
1357,128160,267,F4,65,99,180,0.375,raw_midi,4,
1358,128160,267,A#4,70,99,180,0.375,raw_midi,4,
1359,128520,267.75,F4,65,99,480,1,raw_midi,4,
1360,128520,267.75,F5,77,99,480,1,raw_midi,4,
1361,128640,268,C3,48,101,180,0.375,raw_midi,4,
1362,128640,268,C4,60,101,180,0.375,raw_midi,4,
1363,129000,268.75,F5,77,101,480,1,raw_midi,4,
1364,129000,268.75,F6,89,101,480,1,raw_midi,4,
1365,129120,269,C4,60,103,180,0.375,raw_midi,4,
1366,129120,269,D#4,63,103,180,0.375,raw_midi,4,
1367,129120,269,A4,69,103,180,0.375,raw_midi,4,
1368,129480,269.75,F4,65,94,181,0.3770833333,raw_midi,4,
1369,129480,269.75,F5,77,94,237,0.49375,raw_midi,4,
1370,129600,270,A#2,46,99,180,0.375,raw_midi,4,
1371,129600,270,D3,50,99,180,0.375,raw_midi,4,
1372,129600,270,F3,53,99,180,0.375,raw_midi,4,
1373,129600,270,A#3,58,99,180,0.375,raw_midi,4,
1374,129720,270.25,C#6,85,91,120,0.25,raw_midi,4,
1375,129840,270.5,D6,86,91,120,0.25,raw_midi,4,
1376,129960,270.75,A5,81,91,120,0.25,raw_midi,4,
1377,130080,271,C6,84,90,120,0.25,raw_midi,4,
1378,130200,271.25,A#5,82,90,120,0.25,raw_midi,4,
1379,130320,271.5,A5,81,89,120,0.25,raw_midi,4,
1380,130440,271.75,G5,79,89,120,0.25,raw_midi,4,
1381,130560,272,F5,77,88,120,0.25,raw_midi,4,
1382,130680,272.25,F#5,78,88,120,0.25,raw_midi,4,
1383,130800,272.5,G5,79,87,120,0.25,raw_midi,4,
1384,130920,272.75,D5,74,87,120,0.25,raw_midi,4,
1385,131040,273,F5,77,86,120,0.25,raw_midi,4,
1386,131160,273.25,D#5,75,86,120,0.25,raw_midi,4,
1387,131280,273.5,D5,74,85,120,0.25,raw_midi,4,
1388,131400,273.75,C5,72,85,120,0.25,raw_midi,4,
1389,131520,274,A#3,58,87,120,0.25,raw_midi,4,
1390,131520,274,A#4,70,84,120,0.25,raw_midi,4,
1391,131640,274.25,C#4,61,87,120,0.25,raw_midi,4,
1392,131640,274.25,C#5,73,84,120,0.25,raw_midi,4,
1393,131760,274.5,D4,62,86,120,0.25,raw_midi,4,
1394,131760,274.5,D5,74,83,120,0.25,raw_midi,4,
1395,131880,274.75,A3,57,85,120,0.25,raw_midi,4,
1396,131880,274.75,A4,69,83,120,0.25,raw_midi,4,
1397,132000,275,C4,60,85,120,0.25,raw_midi,4,
1398,132000,275,C5,72,82,120,0.25,raw_midi,4,
1399,132120,275.25,A#3,58,84,120,0.25,raw_midi,4,
1400,132120,275.25,A#4,70,82,120,0.25,raw_midi,4,
1401,132240,275.5,A3,57,84,120,0.25,raw_midi,4,
1402,132240,275.5,A4,69,81,120,0.25,raw_midi,4,
1403,132360,275.75,G3,55,83,120,0.25,raw_midi,4,
1404,132360,275.75,G4,67,81,120,0.25,raw_midi,4,
1405,132480,276,F3,53,83,120,0.25,raw_midi,4,
1406,132480,276,F4,65,80,120,0.25,raw_midi,4,
1407,132600,276.25,F#3,54,82,120,0.25,raw_midi,4,
1408,132600,276.25,F#4,66,80,120,0.25,raw_midi,4,
1409,132720,276.5,G3,55,82,120,0.25,raw_midi,4,
1410,132720,276.5,G4,67,79,120,0.25,raw_midi,4,
1411,132840,276.75,D3,50,81,120,0.25,raw_midi,4,
1412,132840,276.75,D4,62,79,120,0.25,raw_midi,4,
1413,132960,277,F3,53,80,120,0.25,raw_midi,4,
1414,132960,277,F4,65,78,120,0.25,raw_midi,4,
1415,133080,277.25,D#3,51,80,120,0.25,raw_midi,4,
1416,133080,277.25,D#4,63,78,120,0.25,raw_midi,4,
1417,133200,277.5,D3,50,79,120,0.25,raw_midi,4,
1418,133200,277.5,D4,62,77,120,0.25,raw_midi,4,
1419,133320,277.75,C3,48,79,120,0.25,raw_midi,4,
1420,133320,277.75,C4,60,77,120,0.25,raw_midi,4,
1421,133440,278,A#2,46,78,120,0.25,raw_midi,4,
1422,133440,278,A#3,58,76,120,0.25,raw_midi,4,
1423,133560,278.25,C#3,49,78,120,0.25,raw_midi,4,
1424,133560,278.25,C#4,61,76,120,0.25,raw_midi,4,
1425,133680,278.5,D3,50,77,120,0.25,raw_midi,4,
1426,133680,278.5,D4,62,75,120,0.25,raw_midi,4,
1427,133800,278.75,A2,45,77,120,0.25,raw_midi,4,
1428,133800,278.75,A3,57,75,120,0.25,raw_midi,4,
1429,133920,279,C3,48,76,120,0.25,raw_midi,4,
1430,133920,279,C4,60,74,120,0.25,raw_midi,4,
1431,134040,279.25,A#2,46,75,120,0.25,raw_midi,4,
1432,134040,279.25,A#3,58,74,120,0.25,raw_midi,4,
1433,134160,279.5,A2,45,75,120,0.25,raw_midi,4,
1434,134160,279.5,A3,57,73,120,0.25,raw_midi,4,
1435,134280,279.75,G2,43,74,120,0.25,raw_midi,4,
1436,134280,279.75,G3,55,73,120,0.25,raw_midi,4,
1437,134400,280,F2,41,74,120,0.25,raw_midi,4,
1438,134400,280,F3,53,72,120,0.25,raw_midi,4,
1439,134520,280.25,G2,43,73,120,0.25,raw_midi,4,
1440,134520,280.25,G3,55,72,120,0.25,raw_midi,4,
1441,134640,280.5,G#2,44,73,120,0.25,raw_midi,4,
1442,134640,280.5,G#3,56,72,120,0.25,raw_midi,4,
1443,134760,280.75,G2,43,72,120,0.25,raw_midi,4,
1444,134760,280.75,G3,55,71,120,0.25,raw_midi,4,
1445,134880,281,F2,41,72,120,0.25,raw_midi,4,
1446,134880,281,F3,53,71,120,0.25,raw_midi,4,
1447,135000,281.25,D#2,39,71,120,0.25,raw_midi,4,
1448,135000,281.25,D#3,51,70,120,0.25,raw_midi,4,
1449,135120,281.5,D2,38,71,120,0.25,raw_midi,4,
1450,135120,281.5,D3,50,70,120,0.25,raw_midi,4,
1451,135240,281.75,C2,36,72,120,0.25,raw_midi,4,
1452,135240,281.75,C3,48,69,120,0.25,raw_midi,4,
1453,135360,282,B2,47,72,0,0,raw_midi_overlapped,4,
1454,135360,282,B2,47,69,120,0.25,raw_midi,4,
1455,135480,282.25,D3,50,73,120,0.25,raw_midi,4,
1456,135600,282.5,C3,48,73,120,0.25,raw_midi,4,
1457,135720,282.75,D#3,51,74,120,0.25,raw_midi,4,
1458,135840,283,D3,50,74,120,0.25,raw_midi,4,
1459,135840,283,G5,79,88,960,2,raw_midi,4,
1460,135960,283.25,F3,53,75,120,0.25,raw_midi,4,
1461,136080,283.5,D#3,51,76,120,0.25,raw_midi,4,
1462,136200,283.75,G3,55,76,120,0.25,raw_midi,4,
1463,136320,284,F3,53,77,120,0.25,raw_midi,4,
1464,136440,284.25,G#3,56,77,120,0.25,raw_midi,4,
1465,136560,284.5,G3,55,78,120,0.25,raw_midi,4,
1466,136680,284.75,F3,53,78,120,0.25,raw_midi,4,
1467,136800,285,D#3,51,79,120,0.25,raw_midi,4,
1468,136800,285,F5,77,77,105,0.21875,raw_midi,4,
1469,136860,285.125,G5,79,78,108,0.225,raw_midi,4,
1470,136920,285.25,D3,50,79,120,0.25,raw_midi,4,
1471,136920,285.25,F5,77,79,112,0.2333333333,raw_midi,4,
1472,136980,285.375,G5,79,81,90,0.1875,raw_midi,4,
1473,137040,285.5,C3,48,80,120,0.25,raw_midi,4,
1474,137040,285.5,F5,77,82,75,0.15625,raw_midi,4,
1475,137080,285.5833333,G5,79,83,80,0.1666666667,raw_midi,4,
1476,137120,285.6666667,F5,77,83,88,0.1833333333,raw_midi,4,
1477,137160,285.75,B2,47,81,120,0.25,raw_midi,4,
1478,137160,285.75,E5,76,84,105,0.21875,raw_midi,4,
1479,137220,285.875,F5,77,85,60,0.125,raw_midi,4,
1480,137280,286,C3,48,81,480,1,raw_midi,4,
1481,137280,286,D#5,75,87,120,0.25,raw_midi,4,
1482,137400,286.25,D6,86,85,120,0.25,raw_midi,4,
1483,137520,286.5,D#6,87,85,120,0.25,raw_midi,4,
1484,137640,286.75,A#5,82,84,120,0.25,raw_midi,4,
1485,137760,287,D6,86,84,120,0.25,raw_midi,4,
1486,137880,287.25,C6,84,84,120,0.25,raw_midi,4,
1487,138000,287.5,A#5,82,83,120,0.25,raw_midi,4,
1488,138120,287.75,G#5,80,83,120,0.25,raw_midi,4,
1489,138240,288,G5,79,83,120,0.25,raw_midi,4,
1490,138360,288.25,G#5,80,82,120,0.25,raw_midi,4,
1491,138480,288.5,G5,79,82,120,0.25,raw_midi,4,
1492,138600,288.75,F#5,78,82,120,0.25,raw_midi,4,
1493,138720,289,G5,79,81,120,0.25,raw_midi,4,
1494,138840,289.25,F5,77,81,120,0.25,raw_midi,4,
1495,138960,289.5,D#5,75,81,120,0.25,raw_midi,4,
1496,139080,289.75,D5,74,81,120,0.25,raw_midi,4,
1497,139200,290,C4,60,79,120,0.25,raw_midi,4,
1498,139200,290,C5,72,80,120,0.25,raw_midi,4,
1499,139320,290.25,D4,62,79,120,0.25,raw_midi,4,
1500,139320,290.25,D5,74,80,120,0.25,raw_midi,4,
1501,139440,290.5,D#4,63,79,120,0.25,raw_midi,4,
1502,139440,290.5,D#5,75,80,120,0.25,raw_midi,4,
1503,139560,290.75,A#3,58,78,120,0.25,raw_midi,4,
1504,139560,290.75,A#4,70,79,120,0.25,raw_midi,4,
1505,139680,291,D4,62,78,120,0.25,raw_midi,4,
1506,139680,291,D5,74,79,120,0.25,raw_midi,4,
1507,139800,291.25,C4,60,78,120,0.25,raw_midi,4,
1508,139800,291.25,C5,72,79,120,0.25,raw_midi,4,
1509,139920,291.5,A#3,58,78,120,0.25,raw_midi,4,
1510,139920,291.5,A#4,70,78,120,0.25,raw_midi,4,
1511,140040,291.75,G#3,56,77,120,0.25,raw_midi,4,
1512,140040,291.75,G#4,68,78,120,0.25,raw_midi,4,
1513,140160,292,G3,55,77,120,0.25,raw_midi,4,
1514,140160,292,G4,67,78,120,0.25,raw_midi,4,
1515,140280,292.25,G#3,56,77,120,0.25,raw_midi,4,
1516,140280,292.25,G#4,68,77,120,0.25,raw_midi,4,
1517,140400,292.5,G3,55,76,120,0.25,raw_midi,4,
1518,140400,292.5,G4,67,77,120,0.25,raw_midi,4,
1519,140520,292.75,F#3,54,76,120,0.25,raw_midi,4,
1520,140520,292.75,F#4,66,77,120,0.25,raw_midi,4,
1521,140640,293,G3,55,76,120,0.25,raw_midi,4,
1522,140640,293,G4,67,76,120,0.25,raw_midi,4,
1523,140760,293.25,F3,53,76,120,0.25,raw_midi,4,
1524,140760,293.25,F4,65,76,120,0.25,raw_midi,4,
1525,140880,293.5,D#3,51,75,120,0.25,raw_midi,4,
1526,140880,293.5,D#4,63,76,120,0.25,raw_midi,4,
1527,141000,293.75,D3,50,75,120,0.25,raw_midi,4,
1528,141000,293.75,D4,62,75,120,0.25,raw_midi,4,
1529,141120,294,C3,48,75,120,0.25,raw_midi,4,
1530,141120,294,C4,60,75,120,0.25,raw_midi,4,
1531,141240,294.25,D3,50,74,120,0.25,raw_midi,4,
1532,141240,294.25,D4,62,75,120,0.25,raw_midi,4,
1533,141360,294.5,D#3,51,74,120,0.25,raw_midi,4,
1534,141360,294.5,D#4,63,74,120,0.25,raw_midi,4,
1535,141480,294.75,A#2,46,74,120,0.25,raw_midi,4,
1536,141480,294.75,A#3,58,74,120,0.25,raw_midi,4,
1537,141600,295,D3,50,73,120,0.25,raw_midi,4,
1538,141600,295,D4,62,74,120,0.25,raw_midi,4,
1539,141720,295.25,C3,48,73,120,0.25,raw_midi,4,
1540,141720,295.25,C4,60,73,120,0.25,raw_midi,4,
1541,141840,295.5,A#2,46,73,120,0.25,raw_midi,4,
1542,141840,295.5,A#3,58,73,120,0.25,raw_midi,4,
1543,141960,295.75,G#2,44,73,120,0.25,raw_midi,4,
1544,141960,295.75,G#3,56,73,120,0.25,raw_midi,4,
1545,142080,296,G2,43,72,120,0.25,raw_midi,4,
1546,142080,296,G3,55,72,120,0.25,raw_midi,4,
1547,142200,296.25,A2,45,72,120,0.25,raw_midi,4,
1548,142200,296.25,A3,57,72,120,0.25,raw_midi,4,
1549,142320,296.5,A#2,46,72,120,0.25,raw_midi,4,
1550,142320,296.5,A#3,58,72,120,0.25,raw_midi,4,
1551,142440,296.75,A2,45,71,120,0.25,raw_midi,4,
1552,142440,296.75,A3,57,71,120,0.25,raw_midi,4,
1553,142560,297,G2,43,71,120,0.25,raw_midi,4,
1554,142560,297,G3,55,71,120,0.25,raw_midi,4,
1555,142680,297.25,F2,41,71,120,0.25,raw_midi,4,
1556,142680,297.25,F3,53,71,120,0.25,raw_midi,4,
1557,142800,297.5,E2,40,70,120,0.25,raw_midi,4,
1558,142800,297.5,E3,52,70,120,0.25,raw_midi,4,
1559,142920,297.75,D2,38,72,120,0.25,raw_midi,4,
1560,142920,297.75,D3,50,70,120,0.25,raw_midi,4,
1561,143040,298,C#2,37,72,120,0.25,raw_midi,4,
1562,143040,298,C#3,49,70,360,0.75,raw_midi,4,
1563,143160,298.25,E2,40,73,120,0.25,raw_midi,4,
1564,143280,298.5,D2,38,74,120,0.25,raw_midi,4,
1565,143400,298.75,F2,41,74,120,0.25,raw_midi,4,
1566,143520,299,E2,40,75,120,0.25,raw_midi,4,
1567,143520,299,A5,81,88,960,2,raw_midi,4,
1568,143640,299.25,G2,43,75,120,0.25,raw_midi,4,
1569,143760,299.5,F2,41,76,120,0.25,raw_midi,4,
1570,143880,299.75,A2,45,77,120,0.25,raw_midi,4,
1571,144000,300,G2,43,77,120,0.25,raw_midi,4,
1572,144120,300.25,A#2,46,78,120,0.25,raw_midi,4,
1573,144240,300.5,A2,45,78,120,0.25,raw_midi,4,
1574,144360,300.75,G2,43,79,120,0.25,raw_midi,4,
1575,144480,301,F2,41,80,120,0.25,raw_midi,4,
1576,144480,301,G5,79,81,116,0.2416666667,raw_midi,4,
1577,144540,301.125,A5,81,83,112,0.2333333333,raw_midi,4,
1578,144600,301.25,E2,40,80,120,0.25,raw_midi,4,
1579,144600,301.25,G5,79,84,112,0.2333333333,raw_midi,4,
1580,144660,301.375,A5,81,85,80,0.1666666667,raw_midi,4,
1581,144720,301.5,D2,38,81,120,0.25,raw_midi,4,
1582,144720,301.5,G5,79,87,71,0.1479166667,raw_midi,4,
1583,144760,301.5833333,A5,81,88,80,0.1666666667,raw_midi,4,
1584,144800,301.6666667,G5,79,89,80,0.1666666667,raw_midi,4,
1585,144840,301.75,C#2,37,81,120,0.25,raw_midi,4,
1586,144840,301.75,F5,77,90,93,0.19375,raw_midi,4,
1587,144900,301.875,G5,79,91,63,0.13125,raw_midi,4,
1588,144960,302,D2,38,82,480,1,raw_midi,4,
1589,144960,302,F5,77,93,120,0.25,raw_midi,4,
1590,145080,302.25,E5,76,93,120,0.25,raw_midi,4,
1591,145200,302.5,F5,77,93,120,0.25,raw_midi,4,
1592,145320,302.75,C#5,73,93,120,0.25,raw_midi,4,
1593,145440,303,E5,76,92,120,0.25,raw_midi,4,
1594,145560,303.25,D5,74,92,120,0.25,raw_midi,4,
1595,145680,303.5,C5,72,92,120,0.25,raw_midi,4,
1596,145800,303.75,A#4,70,91,120,0.25,raw_midi,4,
1597,145920,304,A4,69,91,120,0.25,raw_midi,4,
1598,146040,304.25,A#4,70,91,120,0.25,raw_midi,4,
1599,146160,304.5,A4,69,90,120,0.25,raw_midi,4,
1600,146280,304.75,G#4,68,90,120,0.25,raw_midi,4,
1601,146400,305,A4,69,90,120,0.25,raw_midi,4,
1602,146520,305.25,G4,67,89,120,0.25,raw_midi,4,
1603,146640,305.5,F4,65,89,120,0.25,raw_midi,4,
1604,146760,305.75,E4,64,89,120,0.25,raw_midi,4,
1605,146880,306,D3,50,85,120,0.25,raw_midi,4,
1606,146880,306,D4,62,88,120,0.25,raw_midi,4,
1607,147000,306.25,E3,52,85,120,0.25,raw_midi,4,
1608,147000,306.25,E4,64,88,120,0.25,raw_midi,4,
1609,147120,306.5,F3,53,85,120,0.25,raw_midi,4,
1610,147120,306.5,F4,65,88,120,0.25,raw_midi,4,
1611,147240,306.75,C#3,49,84,120,0.25,raw_midi,4,
1612,147240,306.75,C#4,61,87,120,0.25,raw_midi,4,
1613,147360,307,E3,52,84,120,0.25,raw_midi,4,
1614,147360,307,E4,64,87,120,0.25,raw_midi,4,
1615,147480,307.25,D3,50,84,120,0.25,raw_midi,4,
1616,147480,307.25,D4,62,87,120,0.25,raw_midi,4,
1617,147600,307.5,C3,48,83,120,0.25,raw_midi,4,
1618,147600,307.5,C4,60,86,120,0.25,raw_midi,4,
1619,147720,307.75,A#2,46,83,120,0.25,raw_midi,4,
1620,147720,307.75,A#3,58,86,120,0.25,raw_midi,4,
1621,147840,308,A2,45,83,120,0.25,raw_midi,4,
1622,147840,308,A3,57,86,120,0.25,raw_midi,4,
1623,147960,308.25,A#2,46,82,120,0.25,raw_midi,4,
1624,147960,308.25,A#3,58,85,120,0.25,raw_midi,4,
1625,148080,308.5,C3,48,82,120,0.25,raw_midi,4,
1626,148080,308.5,C4,60,85,120,0.25,raw_midi,4,
1627,148200,308.75,A#2,46,82,120,0.25,raw_midi,4,
1628,148200,308.75,A#3,58,84,120,0.25,raw_midi,4,
1629,148320,309,A2,45,81,120,0.25,raw_midi,4,
1630,148320,309,A3,57,84,120,0.25,raw_midi,4,
1631,148440,309.25,A#2,46,81,120,0.25,raw_midi,4,
1632,148440,309.25,A#3,58,84,120,0.25,raw_midi,4,
1633,148560,309.5,A2,45,81,120,0.25,raw_midi,4,
1634,148560,309.5,A3,57,83,120,0.25,raw_midi,4,
1635,148680,309.75,G2,43,80,120,0.25,raw_midi,4,
1636,148680,309.75,G3,55,83,120,0.25,raw_midi,4,
1637,148800,310,F#2,42,80,120,0.25,raw_midi,4,
1638,148800,310,F#3,54,83,120,0.25,raw_midi,4,
1639,148920,310.25,A2,45,80,120,0.25,raw_midi,4,
1640,148920,310.25,A3,57,82,120,0.25,raw_midi,4,
1641,149040,310.5,G2,43,79,120,0.25,raw_midi,4,
1642,149040,310.5,G3,55,82,120,0.25,raw_midi,4,
1643,149160,310.75,A#2,46,79,120,0.25,raw_midi,4,
1644,149160,310.75,A#3,58,82,120,0.25,raw_midi,4,
1645,149280,311,A2,45,79,120,0.25,raw_midi,4,
1646,149280,311,A3,57,81,120,0.25,raw_midi,4,
1647,149400,311.25,C3,48,78,120,0.25,raw_midi,4,
1648,149400,311.25,C4,60,81,120,0.25,raw_midi,4,
1649,149520,311.5,A#2,46,78,120,0.25,raw_midi,4,
1650,149520,311.5,A#3,58,81,120,0.25,raw_midi,4,
1651,149640,311.75,D3,50,78,120,0.25,raw_midi,4,
1652,149640,311.75,D4,62,80,120,0.25,raw_midi,4,
1653,149760,312,C3,48,77,120,0.25,raw_midi,4,
1654,149760,312,C4,60,80,120,0.25,raw_midi,4,
1655,149880,312.25,D#3,51,77,120,0.25,raw_midi,4,
1656,149880,312.25,D#4,63,80,120,0.25,raw_midi,4,
1657,150000,312.5,D3,50,77,120,0.25,raw_midi,4,
1658,150000,312.5,D4,62,79,120,0.25,raw_midi,4,
1659,150120,312.75,C3,48,76,120,0.25,raw_midi,4,
1660,150120,312.75,C4,60,79,120,0.25,raw_midi,4,
1661,150240,313,A#2,46,76,120,0.25,raw_midi,4,
1662,150240,313,A#3,58,79,120,0.25,raw_midi,4,
1663,150360,313.25,A2,45,76,120,0.25,raw_midi,4,
1664,150360,313.25,A3,57,78,120,0.25,raw_midi,4,
1665,150480,313.5,G2,43,75,120,0.25,raw_midi,4,
1666,150480,313.5,G3,55,78,120,0.25,raw_midi,4,
1667,150600,313.75,F2,41,75,120,0.25,raw_midi,4,
1668,150600,313.75,F3,53,78,120,0.25,raw_midi,4,
1669,150720,314,G2,43,75,120,0.25,raw_midi,4,
1670,150720,314,G3,55,77,120,0.25,raw_midi,4,
1671,150840,314.25,A2,45,74,120,0.25,raw_midi,4,
1672,150840,314.25,A3,57,77,120,0.25,raw_midi,4,
1673,150960,314.5,A#2,46,74,120,0.25,raw_midi,4,
1674,150960,314.5,A#3,58,77,120,0.25,raw_midi,4,
1675,151080,314.75,A2,45,74,120,0.25,raw_midi,4,
1676,151080,314.75,A3,57,76,120,0.25,raw_midi,4,
1677,151200,315,G2,43,73,120,0.25,raw_midi,4,
1678,151200,315,G3,55,76,120,0.25,raw_midi,4,
1679,151320,315.25,F2,41,73,120,0.25,raw_midi,4,
1680,151320,315.25,F3,53,76,120,0.25,raw_midi,4,
1681,151440,315.5,D#2,39,73,120,0.25,raw_midi,4,
1682,151440,315.5,D#3,51,75,120,0.25,raw_midi,4,
1683,151560,315.75,D2,38,72,120,0.25,raw_midi,4,
1684,151560,315.75,D3,50,75,120,0.25,raw_midi,4,
1685,151680,316,C#2,37,72,120,0.25,raw_midi,4,
1686,151680,316,C#3,49,75,120,0.25,raw_midi,4,
1687,151800,316.25,D2,38,72,120,0.25,raw_midi,4,
1688,151800,316.25,D3,50,74,120,0.25,raw_midi,4,
1689,151920,316.5,E2,40,71,120,0.25,raw_midi,4,
1690,151920,316.5,E3,52,74,120,0.25,raw_midi,4,
1691,152040,316.75,D2,38,71,120,0.25,raw_midi,4,
1692,152040,316.75,D3,50,74,120,0.25,raw_midi,4,
1693,152160,317,C#2,37,72,120,0.25,raw_midi,4,
1694,152160,317,C#3,49,74,120,0.25,raw_midi,4,
1695,152280,317.25,G2,43,72,120,0.25,raw_midi,4,
1696,152280,317.25,G3,55,74,120,0.25,raw_midi,4,
1697,152400,317.5,E2,40,72,120,0.25,raw_midi,4,
1698,152400,317.5,E3,52,74,120,0.25,raw_midi,4,
1699,152520,317.75,C#2,37,72,120,0.25,raw_midi,4,
1700,152520,317.75,C#3,49,74,120,0.25,raw_midi,4,
1701,152640,318,D2,38,72,120,0.25,raw_midi,4,
1702,152640,318,D3,50,75,120,0.25,raw_midi,4,
1703,152760,318.25,F#2,42,72,120,0.25,raw_midi,4,
1704,152760,318.25,F#3,54,75,120,0.25,raw_midi,4,
1705,152880,318.5,A2,45,72,120,0.25,raw_midi,4,
1706,152880,318.5,A3,57,75,120,0.25,raw_midi,4,
1707,153000,318.75,F#2,42,73,120,0.25,raw_midi,4,
1708,153000,318.75,F#3,54,75,120,0.25,raw_midi,4,
1709,153120,319,A#2,46,73,120,0.25,raw_midi,4,
1710,153120,319,A#3,58,75,120,0.25,raw_midi,4,
1711,153240,319.25,G2,43,73,120,0.25,raw_midi,4,
1712,153240,319.25,G3,55,76,120,0.25,raw_midi,4,
1713,153360,319.5,D#2,39,73,120,0.25,raw_midi,4,
1714,153360,319.5,D#3,51,76,120,0.25,raw_midi,4,
1715,153480,319.75,C#2,37,73,120,0.25,raw_midi,4,
1716,153480,319.75,C#3,49,76,120,0.25,raw_midi,4,
1717,153600,320,D2,38,73,120,0.25,raw_midi,4,
1718,153600,320,D3,50,76,120,0.25,raw_midi,4,
1719,153720,320.25,F#2,42,73,120,0.25,raw_midi,4,
1720,153720,320.25,F#3,54,77,120,0.25,raw_midi,4,
1721,153840,320.5,A2,45,73,120,0.25,raw_midi,4,
1722,153840,320.5,A3,57,77,120,0.25,raw_midi,4,
1723,153960,320.75,F#2,42,74,120,0.25,raw_midi,4,
1724,153960,320.75,F#3,54,77,120,0.25,raw_midi,4,
1725,154080,321,A#2,46,74,120,0.25,raw_midi,4,
1726,154080,321,A#3,58,77,120,0.25,raw_midi,4,
1727,154200,321.25,G2,43,74,120,0.25,raw_midi,4,
1728,154200,321.25,G3,55,77,120,0.25,raw_midi,4,
1729,154320,321.5,D#2,39,74,120,0.25,raw_midi,4,
1730,154320,321.5,D#3,51,78,120,0.25,raw_midi,4,
1731,154440,321.75,C#2,37,74,120,0.25,raw_midi,4,
1732,154440,321.75,C#3,49,78,120,0.25,raw_midi,4,
1733,154560,322,D2,38,74,120,0.25,raw_midi,4,
1734,154560,322,D3,50,78,120,0.25,raw_midi,4,
1735,154680,322.25,F#2,42,74,120,0.25,raw_midi,4,
1736,154680,322.25,F#3,54,78,120,0.25,raw_midi,4,
1737,154800,322.5,A2,45,75,120,0.25,raw_midi,4,
1738,154800,322.5,A3,57,78,120,0.25,raw_midi,4,
1739,154920,322.75,F#2,42,75,120,0.25,raw_midi,4,
1740,154920,322.75,F#3,54,79,120,0.25,raw_midi,4,
1741,155040,323,A#2,46,75,120,0.25,raw_midi,4,
1742,155040,323,A#3,58,79,120,0.25,raw_midi,4,
1743,155160,323.25,G2,43,75,120,0.25,raw_midi,4,
1744,155160,323.25,G3,55,79,120,0.25,raw_midi,4,
1745,155280,323.5,D#2,39,75,120,0.25,raw_midi,4,
1746,155280,323.5,D#3,51,79,120,0.25,raw_midi,4,
1747,155400,323.75,C#2,37,75,120,0.25,raw_midi,4,
1748,155400,323.75,C#3,49,80,120,0.25,raw_midi,4,
1749,155520,324,D2,38,75,120,0.25,raw_midi,4,
1750,155520,324,D3,50,80,120,0.25,raw_midi,4,
1751,155640,324.25,F#2,42,76,120,0.25,raw_midi,4,
1752,155640,324.25,F#3,54,80,120,0.25,raw_midi,4,
1753,155760,324.5,A2,45,76,120,0.25,raw_midi,4,
1754,155760,324.5,A3,57,80,120,0.25,raw_midi,4,
1755,155880,324.75,F#2,42,76,120,0.25,raw_midi,4,
1756,155880,324.75,F#3,54,80,120,0.25,raw_midi,4,
1757,156000,325,A#2,46,76,120,0.25,raw_midi,4,
1758,156000,325,A#3,58,81,120,0.25,raw_midi,4,
1759,156120,325.25,G2,43,76,120,0.25,raw_midi,4,
1760,156120,325.25,G3,55,81,120,0.25,raw_midi,4,
1761,156240,325.5,D#2,39,76,120,0.25,raw_midi,4,
1762,156240,325.5,D#3,51,81,120,0.25,raw_midi,4,
1763,156360,325.75,C#2,37,76,120,0.25,raw_midi,4,
1764,156360,325.75,C#3,49,81,120,0.25,raw_midi,4,
1765,156480,326,D2,38,77,120,0.25,raw_midi,4,
1766,156480,326,D3,50,81,120,0.25,raw_midi,4,
1767,156600,326.25,D2,38,77,120,0.25,raw_midi,1,
1768,156600,326.25,D3,50,82,120,0.25,raw_midi,1,
1769,156720,326.5,F#2,42,77,120,0.25,raw_midi,2,
1770,156720,326.5,F#3,54,82,120,0.25,raw_midi,2,
1771,156840,326.75,A2,45,77,120,0.25,raw_midi,2,
1772,156840,326.75,A3,57,82,120,0.25,raw_midi,2,
1773,156960,327,D3,50,77,120,0.25,raw_midi,3,
1774,156960,327,D4,62,82,120,0.25,raw_midi,3,
1775,157080,327.25,D3,50,77,120,0.25,raw_midi,1,
1776,157080,327.25,D4,62,83,120,0.25,raw_midi,1,
1777,157200,327.5,F#3,54,77,120,0.25,raw_midi,2,
1778,157200,327.5,F#4,66,83,120,0.25,raw_midi,2,
1779,157320,327.75,A3,57,77,120,0.25,raw_midi,2,
1780,157320,327.75,A4,69,83,120,0.25,raw_midi,2,
1781,157440,328,D4,62,78,120,0.25,raw_midi,3,
1782,157440,328,D5,74,83,120,0.25,raw_midi,3,
1783,157560,328.25,D4,62,78,120,0.25,raw_midi,1,
1784,157560,328.25,D5,74,83,120,0.25,raw_midi,1,
1785,157680,328.5,F#4,66,78,120,0.25,raw_midi,2,
1786,157680,328.5,F#5,78,84,120,0.25,raw_midi,2,
1787,157800,328.75,A4,69,78,120,0.25,raw_midi,2,
1788,157800,328.75,A5,81,84,120,0.25,raw_midi,2,
1789,157920,329,D5,74,78,120,0.25,raw_midi,3,
1790,157920,329,D6,86,84,120,0.25,raw_midi,3,
1791,158040,329.25,D5,74,78,120,0.25,raw_midi,1,
1792,158040,329.25,D6,86,84,120,0.25,raw_midi,1,
1793,158160,329.5,A4,69,78,120,0.25,raw_midi,2,
1794,158160,329.5,A5,81,85,120,0.25,raw_midi,2,
1795,158280,329.75,F#4,66,79,120,0.25,raw_midi,2,
1796,158280,329.75,F#5,78,85,120,0.25,raw_midi,2,
1797,158400,330,D4,62,79,120,0.25,raw_midi,3,
1798,158400,330,D5,74,85,120,0.25,raw_midi,3,
1799,158520,330.25,D4,62,79,120,0.25,raw_midi,1,
1800,158520,330.25,D5,74,85,120,0.25,raw_midi,1,
1801,158640,330.5,A3,57,79,120,0.25,raw_midi,2,
1802,158640,330.5,A4,69,85,120,0.25,raw_midi,2,
1803,158760,330.75,F#3,54,79,120,0.25,raw_midi,2,
1804,158760,330.75,F#4,66,86,120,0.25,raw_midi,2,
1805,158880,331,D3,50,79,120,0.25,raw_midi,3,
1806,158880,331,D4,62,86,120,0.25,raw_midi,3,
1807,159000,331.25,D3,50,79,120,0.25,raw_midi,1,
1808,159000,331.25,D4,62,86,120,0.25,raw_midi,1,
1809,159120,331.5,A2,45,80,120,0.25,raw_midi,2,
1810,159120,331.5,A3,57,86,120,0.25,raw_midi,2,
1811,159240,331.75,F#2,42,80,120,0.25,raw_midi,2,
1812,159240,331.75,F#3,54,86,120,0.25,raw_midi,2,
1813,159360,332,D2,38,80,120,0.25,raw_midi,3,
1814,159360,332,D3,50,87,120,0.25,raw_midi,3,
1815,159480,332.25,D2,38,80,120,0.25,raw_midi,1,
1816,159480,332.25,D3,50,87,120,0.25,raw_midi,1,
1817,159600,332.5,F#2,42,80,120,0.25,raw_midi,2,
1818,159600,332.5,F#3,54,87,120,0.25,raw_midi,2,
1819,159720,332.75,A2,45,80,120,0.25,raw_midi,2,
1820,159720,332.75,A3,57,87,120,0.25,raw_midi,2,
1821,159840,333,D3,50,80,120,0.25,raw_midi,3,
1822,159840,333,D4,62,88,120,0.25,raw_midi,3,
1823,159960,333.25,D3,50,80,120,0.25,raw_midi,1,
1824,159960,333.25,D4,62,88,120,0.25,raw_midi,1,
1825,160080,333.5,A2,45,81,120,0.25,raw_midi,2,
1826,160080,333.5,A3,57,88,120,0.25,raw_midi,2,
1827,160200,333.75,F#2,42,81,120,0.25,raw_midi,2,
1828,160200,333.75,F#3,54,88,120,0.25,raw_midi,2,
1829,160320,334,D2,38,81,120,0.25,raw_midi,3,
1830,160320,334,D3,50,88,120,0.25,raw_midi,3,
1831,160440,334.25,D2,38,81,120,0.25,raw_midi,1,
1832,160440,334.25,D3,50,89,120,0.25,raw_midi,1,
1833,160560,334.5,F#2,42,81,120,0.25,raw_midi,2,
1834,160560,334.5,F#3,54,89,120,0.25,raw_midi,2,
1835,160680,334.75,A2,45,81,120,0.25,raw_midi,2,
1836,160680,334.75,A3,57,89,120,0.25,raw_midi,2,
1837,160800,335,C3,48,81,120,0.25,raw_midi,3,
1838,160800,335,C4,60,89,120,0.25,raw_midi,3,
1839,160920,335.25,D3,50,82,120,0.25,raw_midi,1,
1840,160920,335.25,D4,62,89,120,0.25,raw_midi,1,
1841,161040,335.5,F#3,54,82,120,0.25,raw_midi,2,
1842,161040,335.5,F#4,66,90,120,0.25,raw_midi,2,
1843,161160,335.75,A3,57,82,120,0.25,raw_midi,2,
1844,161160,335.75,A4,69,90,120,0.25,raw_midi,2,
1845,161280,336,C4,60,82,120,0.25,raw_midi,3,
1846,161280,336,C5,72,90,120,0.25,raw_midi,3,
1847,161400,336.25,D4,62,82,120,0.25,raw_midi,1,
1848,161400,336.25,D5,74,90,120,0.25,raw_midi,1,
1849,161520,336.5,F#4,66,82,120,0.25,raw_midi,2,
1850,161520,336.5,F#5,78,91,120,0.25,raw_midi,2,
1851,161640,336.75,A4,69,82,120,0.25,raw_midi,2,
1852,161640,336.75,A5,81,91,120,0.25,raw_midi,2,
1853,161760,337,C5,72,83,120,0.25,raw_midi,3,
1854,161760,337,C6,84,91,120,0.25,raw_midi,3,
1855,161880,337.25,C5,72,83,120,0.25,raw_midi,1,
1856,161880,337.25,C6,84,91,120,0.25,raw_midi,1,
1857,162000,337.5,A4,69,83,120,0.25,raw_midi,2,
1858,162000,337.5,A5,81,91,120,0.25,raw_midi,2,
1859,162120,337.75,F#4,66,83,120,0.25,raw_midi,2,
1860,162120,337.75,F#5,78,92,120,0.25,raw_midi,2,
1861,162240,338,D4,62,83,120,0.25,raw_midi,3,
1862,162240,338,D5,74,92,120,0.25,raw_midi,3,
1863,162360,338.25,C4,60,83,120,0.25,raw_midi,1,
1864,162360,338.25,C5,72,92,120,0.25,raw_midi,1,
1865,162480,338.5,A3,57,83,120,0.25,raw_midi,2,
1866,162480,338.5,A4,69,92,120,0.25,raw_midi,2,
1867,162600,338.75,F#3,54,84,120,0.25,raw_midi,2,
1868,162600,338.75,F#4,66,92,120,0.25,raw_midi,2,
1869,162720,339,D3,50,84,120,0.25,raw_midi,3,
1870,162720,339,D4,62,93,120,0.25,raw_midi,3,
1871,162840,339.25,C3,48,84,120,0.25,raw_midi,1,
1872,162840,339.25,C4,60,93,120,0.25,raw_midi,1,
1873,162960,339.5,A2,45,84,120,0.25,raw_midi,2,
1874,162960,339.5,A3,57,93,120,0.25,raw_midi,2,
1875,163080,339.75,F#2,42,84,120,0.25,raw_midi,2,
1876,163080,339.75,F#3,54,93,120,0.25,raw_midi,2,
1877,163200,340,D2,38,84,120,0.25,raw_midi,3,
1878,163200,340,D3,50,94,120,0.25,raw_midi,3,
1879,163320,340.25,D2,38,84,120,0.25,raw_midi,1,
1880,163320,340.25,D3,50,94,120,0.25,raw_midi,1,
1881,163440,340.5,F#2,42,84,120,0.25,raw_midi,2,
1882,163440,340.5,F#3,54,94,120,0.25,raw_midi,2,
1883,163560,340.75,A2,45,85,120,0.25,raw_midi,2,
1884,163560,340.75,A3,57,94,120,0.25,raw_midi,2,
1885,163680,341,C3,48,85,120,0.25,raw_midi,3,
1886,163680,341,C4,60,94,120,0.25,raw_midi,3,
1887,163800,341.25,C3,48,85,120,0.25,raw_midi,1,
1888,163800,341.25,C4,60,95,120,0.25,raw_midi,1,
1889,163920,341.5,A2,45,85,120,0.25,raw_midi,2,
1890,163920,341.5,A3,57,95,120,0.25,raw_midi,2,
1891,164040,341.75,F#2,42,85,120,0.25,raw_midi,2,
1892,164040,341.75,F#3,54,95,120,0.25,raw_midi,2,
1893,164160,342,D2,38,85,360,0.75,raw_midi,3,
1894,164160,342,D3,50,95,360,0.75,raw_midi,3,
1895,164520,342.75,D3,50,63,480,1,raw_midi,4,
1896,164640,343,F#3,54,61,120,0.25,raw_midi,4,
1897,165000,343.75,D3,50,62,480,1,raw_midi,4,
1898,165120,344,A3,57,60,120,0.25,raw_midi,4,
1899,165480,344.75,D3,50,62,480,1,raw_midi,4,
1900,165600,345,C4,60,59,120,0.25,raw_midi,4,
1901,165960,345.75,D3,50,61,480,1,raw_midi,4,
1902,166080,346,F#4,66,59,120,0.25,raw_midi,4,
1903,166440,346.75,D3,50,60,480,1,raw_midi,4,
1904,166560,347,A4,69,58,120,0.25,raw_midi,4,
1905,166920,347.75,D3,50,59,480,1,raw_midi,4,
1906,167040,348,C5,72,57,120,0.25,raw_midi,4,
1907,167400,348.75,D3,50,58,480,1,raw_midi,4,
1908,167520,349,F#5,78,56,120,0.25,raw_midi,4,
1909,167880,349.75,D3,50,57,480,1,raw_midi,4,
1910,168000,350,D2,38,88,120,0.25,raw_midi,4,
1911,168360,350.75,D3,50,56,480,1,raw_midi,4,
1912,168480,351,F#3,54,55,120,0.25,raw_midi,4,
1913,168480,351,A3,57,55,120,0.25,raw_midi,4,
1914,168840,351.75,D3,50,56,480,1,raw_midi,4,
1915,168960,352,A3,57,54,120,0.25,raw_midi,4,
1916,168960,352,C4,60,54,120,0.25,raw_midi,4,
1917,169320,352.75,D3,50,55,480,1,raw_midi,4,
1918,169440,353,C4,60,53,120,0.25,raw_midi,4,
1919,169440,353,F#4,66,53,120,0.25,raw_midi,4,
1920,169800,353.75,D3,50,54,480,1,raw_midi,4,
1921,169920,354,F#4,66,53,120,0.25,raw_midi,4,
1922,169920,354,A4,69,53,120,0.25,raw_midi,4,
1923,170280,354.75,D3,50,53,480,1,raw_midi,4,
1924,170400,355,A4,69,52,120,0.25,raw_midi,4,
1925,170400,355,C5,72,52,120,0.25,raw_midi,4,
1926,170760,355.75,D3,50,52,480,1,raw_midi,4,
1927,170880,356,C5,72,51,120,0.25,raw_midi,4,
1928,170880,356,F#5,78,51,120,0.25,raw_midi,4,
1929,171240,356.75,D3,50,51,480,1,raw_midi,4,
1930,171360,357,F#5,78,50,120,0.25,raw_midi,4,
1931,171360,357,A5,81,50,120,0.25,raw_midi,4,
1932,171720,357.75,D3,50,51,480,1,raw_midi,4,
1933,171840,358,D2,38,77,120,0.25,raw_midi,4,
1934,172200,358.75,D3,50,50,480,1,raw_midi,4,
1935,172320,359,A3,57,49,120,0.25,raw_midi,4,
1936,172320,359,C4,60,49,120,0.25,raw_midi,4,
1937,172680,359.75,D3,50,49,480,1,raw_midi,4,
1938,172800,360,C4,60,48,120,0.25,raw_midi,4,
1939,172800,360,F#4,66,48,120,0.25,raw_midi,4,
1940,173160,360.75,D3,50,48,480,1,raw_midi,4,
1941,173280,361,F#4,66,47,120,0.25,raw_midi,4,
1942,173280,361,A4,69,47,120,0.25,raw_midi,4,
1943,173640,361.75,D3,50,47,480,1,raw_midi,4,
1944,173760,362,A4,69,47,120,0.25,raw_midi,4,
1945,173760,362,C5,72,47,120,0.25,raw_midi,4,
1946,174120,362.75,D3,50,46,480,1,raw_midi,4,
1947,174240,363,C5,72,46,120,0.25,raw_midi,4,
1948,174240,363,F#5,78,46,120,0.25,raw_midi,4,
1949,174600,363.75,D3,50,45,480,1,raw_midi,4,
1950,174720,364,F#5,78,45,120,0.25,raw_midi,4,
1951,174720,364,A5,81,45,120,0.25,raw_midi,4,
1952,175080,364.75,D3,50,45,480,1,raw_midi,4,
1953,175200,365,A5,81,44,120,0.25,raw_midi,4,
1954,175200,365,C6,84,44,120,0.25,raw_midi,4,
1955,175560,365.75,D3,50,44,480,1,raw_midi,4,
1956,175680,366,C6,84,44,120,0.25,raw_midi,4,
1957,175680,366,D#6,87,44,120,0.25,raw_midi,4,
1958,176520,367.75,D3,50,42,480,1,raw_midi,4,
1959,176520,367.75,F#3,54,42,480,1,raw_midi,4,
1960,176520,367.75,A3,57,42,480,1,raw_midi,4,
1961,176520,367.75,C4,60,42,480,1,raw_midi,4,
1962,176640,368,D2,38,42,240,0.5,raw_midi,4,
1963,177480,369.75,D3,50,40,480,1,raw_midi,4,
1964,177600,370,C6,84,41,240,0.5,raw_midi,4,
1965,177600,370,D#6,87,41,240,0.5,raw_midi,4,
1966,178440,371.75,D3,50,39,480,1,raw_midi,4,
1967,178440,371.75,F#3,54,39,480,1,raw_midi,4,
1968,178440,371.75,A3,57,39,480,1,raw_midi,4,
1969,178440,371.75,C4,60,39,480,1,raw_midi,4,
1970,178560,372,D2,38,39,240,0.5,raw_midi,4,
1971,179400,373.75,D3,50,37,480,1,raw_midi,4,
1972,179520,374,C6,84,38,240,0.5,raw_midi,4,
1973,179520,374,D#6,87,38,240,0.5,raw_midi,4,
1974,180360,375.75,D3,50,35,480,1,raw_midi,4,
1975,180360,375.75,F#3,54,35,480,1,raw_midi,4,
1976,180360,375.75,A3,57,35,480,1,raw_midi,4,
1977,180360,375.75,C4,60,35,480,1,raw_midi,4,
1978,180480,376,D2,38,36,240,0.5,raw_midi,4,
1979,181320,377.75,D3,50,34,480,1,raw_midi,4,
1980,181320,377.75,F#3,54,34,480,1,raw_midi,4,
1981,181320,377.75,A3,57,34,480,1,raw_midi,4,
1982,181320,377.75,C4,60,34,480,1,raw_midi,4,
1983,181440,378,D2,38,35,240,0.5,raw_midi,4,
1984,183240,381.75,D3,50,30,480,1,raw_midi,4,
1985,183240,381.75,F#3,54,30,480,1,raw_midi,4,
1986,183240,381.75,A3,57,30,480,1,raw_midi,4,
1987,183240,381.75,C4,60,30,480,1,raw_midi,4,
1988,183360,382,D#3,51,32,240,0.5,raw_midi,4,
1989,185160,385.75,D3,50,27,480,1,raw_midi,4,
1990,185160,385.75,F#3,54,27,480,1,raw_midi,4,
1991,185160,385.75,A3,57,27,480,1,raw_midi,4,
1992,185160,385.75,C4,60,27,480,1,raw_midi,4,
1993,185280,386,D2,38,29,240,0.5,raw_midi,4,
1994,187080,389.75,G5,79,89,840,1.75,raw_midi,4,
1995,187200,390,G3,55,80,720,1.5,raw_midi,4,
1996,187200,390,B3,59,80,720,1.5,raw_midi,4,
1997,187200,390,D4,62,80,720,1.5,raw_midi,4,
1998,187920,391.5,F#5,78,78,120,0.25,raw_midi,4,
1999,188040,391.75,E5,76,76,120,0.25,raw_midi,4,
2000,188160,392,D5,74,75,120,0.25,raw_midi,4,
2001,188280,392.25,D#5,75,73,120,0.25,raw_midi,4,
2002,188400,392.5,E5,76,72,120,0.25,raw_midi,4,
2003,188520,392.75,B4,71,70,120,0.25,raw_midi,4,
2004,188640,393,D5,74,69,120,0.25,raw_midi,4,
2005,188760,393.25,C5,72,67,120,0.25,raw_midi,4,
2006,188880,393.5,B4,71,66,120,0.25,raw_midi,4,
2007,189000,393.75,A4,69,64,120,0.25,raw_midi,4,
2008,189120,394,G4,67,61,360,0.75,raw_midi,4,
2009,189960,395.75,B3,59,42,480,1,raw_midi,4,
2010,189960,395.75,D4,62,42,480,1,raw_midi,4,
2011,189960,395.75,G4,67,43,480,1,raw_midi,4,
2012,190080,396,G2,43,43,120,0.25,raw_midi,4,
2013,190080,396,G3,55,43,120,0.25,raw_midi,4,
2014,190440,396.75,B3,59,46,480,1,raw_midi,4,
2015,190440,396.75,D4,62,46,480,1,raw_midi,4,
2016,190440,396.75,B4,71,46,480,1,raw_midi,4,
2017,190560,397,G2,43,46,120,0.25,raw_midi,4,
2018,190560,397,G3,55,46,120,0.25,raw_midi,4,
2019,190920,397.75,B3,59,43,480,1,raw_midi,4,
2020,190920,397.75,D4,62,43,480,1,raw_midi,4,
2021,190920,397.75,G4,67,42,480,1,raw_midi,4,
2022,191040,398,G2,43,45,120,0.25,raw_midi,4,
2023,191040,398,G3,55,45,120,0.25,raw_midi,4,
2024,191880,399.75,B3,59,55,480,1,raw_midi,4,
2025,191880,399.75,D4,62,55,480,1,raw_midi,4,
2026,191880,399.75,G4,67,55,480,1,raw_midi,4,
2027,192000,400,G2,43,54,120,0.25,raw_midi,4,
2028,192000,400,G3,55,54,120,0.25,raw_midi,4,
2029,192360,400.75,D4,62,57,480,1,raw_midi,4,
2030,192360,400.75,G4,67,57,480,1,raw_midi,4,
2031,192360,400.75,B4,71,57,480,1,raw_midi,4,
2032,192360,400.75,D5,74,57,480,1,raw_midi,4,
2033,192480,401,G2,43,56,120,0.25,raw_midi,4,
2034,192480,401,G3,55,56,120,0.25,raw_midi,4,
2035,192840,401.75,B3,59,55,480,1,raw_midi,4,
2036,192840,401.75,D4,62,55,480,1,raw_midi,4,
2037,192840,401.75,G4,67,55,480,1,raw_midi,4,
2038,192960,402,G2,43,54,120,0.25,raw_midi,4,
2039,192960,402,G3,55,54,120,0.25,raw_midi,4,
2040,193800,403.75,B3,59,78,480,1,raw_midi,4,
2041,193800,403.75,D4,62,78,480,1,raw_midi,4,
2042,193800,403.75,G4,67,78,480,1,raw_midi,4,
2043,193800,403.75,B4,71,78,480,1,raw_midi,4,
2044,193920,404,G2,43,78,120,0.25,raw_midi,4,
2045,193920,404,G3,55,78,120,0.25,raw_midi,4,
2046,194280,404.75,G4,67,83,480,1,raw_midi,4,
2047,194280,404.75,B4,71,83,480,1,raw_midi,4,
2048,194280,404.75,E5,76,83,480,1,raw_midi,4,
2049,194280,404.75,G5,79,83,480,1,raw_midi,4,
2050,194400,405,E2,40,81,120,0.25,raw_midi,4,
2051,194400,405,E3,52,81,120,0.25,raw_midi,4,
2052,194760,405.75,F#4,66,79,480,1,raw_midi,4,
2053,194760,405.75,A4,69,79,480,1,raw_midi,4,
2054,194760,405.75,D5,74,79,480,1,raw_midi,4,
2055,194760,405.75,F#5,78,79,480,1,raw_midi,4,
2056,194880,406,A2,45,78,120,0.25,raw_midi,4,
2057,194880,406,A3,57,78,120,0.25,raw_midi,4,
2058,195840,408,A2,45,55,120,0.25,raw_midi,4,
2059,195840,408,A3,57,55,120,0.25,raw_midi,4,
2060,195840,408,F#4,66,52,120,0.25,raw_midi,4,
2061,195840,408,A4,69,52,120,0.25,raw_midi,4,
2062,195840,408,D5,74,52,120,0.25,raw_midi,4,
2063,196320,409,A1,33,51,120,0.25,raw_midi,4,
2064,196320,409,A2,45,51,120,0.25,raw_midi,4,
2065,196320,409,E4,64,48,120,0.25,raw_midi,4,
2066,196320,409,G4,67,48,120,0.25,raw_midi,4,
2067,196320,409,A4,69,48,120,0.25,raw_midi,4,
2068,196320,409,C#5,73,48,120,0.25,raw_midi,4,
2069,196800,410,D2,38,48,120,0.25,raw_midi,4,
2070,196800,410,D3,50,48,120,0.25,raw_midi,4,
2071,196800,410,D4,62,44,120,0.25,raw_midi,4,
2072,196800,410,F#4,66,44,120,0.25,raw_midi,4,
2073,196800,410,A4,69,44,120,0.25,raw_midi,4,
2074,196800,410,D5,74,44,120,0.25,raw_midi,4,
2075,197640,411.75,E4,64,85,480,1,raw_midi,4,
2076,197640,411.75,G4,67,85,480,1,raw_midi,4,
2077,197640,411.75,C5,72,85,480,1,raw_midi,4,
2078,197640,411.75,E5,76,85,480,1,raw_midi,4,
2079,197760,412,C3,48,85,120,0.25,raw_midi,4,
2080,197760,412,C4,60,85,120,0.25,raw_midi,4,
2081,198120,412.75,C5,72,91,480,1,raw_midi,4,
2082,198120,412.75,E5,76,91,480,1,raw_midi,4,
2083,198120,412.75,A5,81,91,480,1,raw_midi,4,
2084,198120,412.75,C6,84,91,480,1,raw_midi,4,
2085,198240,413,A2,45,89,120,0.25,raw_midi,4,
2086,198240,413,A3,57,89,120,0.25,raw_midi,4,
2087,198600,413.75,B4,71,86,480,1,raw_midi,4,
2088,198600,413.75,D5,74,86,480,1,raw_midi,4,
2089,198600,413.75,G5,79,86,480,1,raw_midi,4,
2090,198600,413.75,B5,83,86,480,1,raw_midi,4,
2091,198720,414,D3,50,86,120,0.25,raw_midi,4,
2092,198720,414,D4,62,86,120,0.25,raw_midi,4,
2093,199680,416,D3,50,53,120,0.25,raw_midi,4,
2094,199680,416,D4,62,53,120,0.25,raw_midi,4,
2095,199680,416,B4,71,55,120,0.25,raw_midi,4,
2096,199680,416,D5,74,55,120,0.25,raw_midi,4,
2097,199680,416,G5,79,55,120,0.25,raw_midi,4,
2098,200160,417,D2,38,52,120,0.25,raw_midi,4,
2099,200160,417,D3,50,52,120,0.25,raw_midi,4,
2100,200160,417,A4,69,53,120,0.25,raw_midi,4,
2101,200160,417,D5,74,53,120,0.25,raw_midi,4,
2102,200160,417,F#5,78,53,120,0.25,raw_midi,4,
2103,200640,418,G2,43,50,120,0.25,raw_midi,4,
2104,200640,418,G3,55,50,120,0.25,raw_midi,4,
2105,200640,418,B4,71,51,120,0.25,raw_midi,4,
2106,200640,418,D5,74,51,120,0.25,raw_midi,4,
2107,200640,418,G5,79,51,120,0.25,raw_midi,4,
2108,201480,419.75,E4,64,90,480,1,raw_midi,4,
2109,201480,419.75,G4,67,90,480,1,raw_midi,4,
2110,201480,419.75,C5,72,90,480,1,raw_midi,4,
2111,201480,419.75,E5,76,90,480,1,raw_midi,4,
2112,201600,420,C3,48,94,120,0.25,raw_midi,4,
2113,201600,420,C4,60,94,120,0.25,raw_midi,4,
2114,201960,420.75,C5,72,96,480,1,raw_midi,4,
2115,201960,420.75,E5,76,96,480,1,raw_midi,4,
2116,201960,420.75,A5,81,96,480,1,raw_midi,4,
2117,201960,420.75,C6,84,96,480,1,raw_midi,4,
2118,202080,421,A2,45,100,120,0.25,raw_midi,4,
2119,202080,421,A3,57,100,120,0.25,raw_midi,4,
2120,202440,421.75,B4,71,92,480,1,raw_midi,4,
2121,202440,421.75,D#5,75,92,480,1,raw_midi,4,
2122,202440,421.75,F#5,78,92,480,1,raw_midi,4,
2123,202440,421.75,B5,83,92,480,1,raw_midi,4,
2124,202560,422,B2,47,95,120,0.25,raw_midi,4,
2125,202560,422,B3,59,95,120,0.25,raw_midi,4,
2126,203520,424,C5,72,53,120,0.25,raw_midi,4,
2127,203520,424,E5,76,53,120,0.25,raw_midi,4,
2128,203520,424,A5,81,53,120,0.25,raw_midi,4,
2129,204000,425,C5,72,52,120,0.25,raw_midi,4,
2130,204000,425,E5,76,51,120,0.25,raw_midi,4,
2131,204000,425,A#5,82,51,120,0.25,raw_midi,4,
2132,204480,426,B4,71,50,120,0.25,raw_midi,4,
2133,204480,426,D#5,75,50,120,0.25,raw_midi,4,
2134,204480,426,B5,83,50,120,0.25,raw_midi,4,
2135,205440,428,C4,60,47,120,0.25,raw_midi,4,
2136,205440,428,A4,69,46,120,0.25,raw_midi,4,
2137,205440,428,E5,76,46,120,0.25,raw_midi,4,
2138,205920,429,C4,60,45,120,0.25,raw_midi,4,
2139,205920,429,A#4,70,44,120,0.25,raw_midi,4,
2140,205920,429,E5,76,44,120,0.25,raw_midi,4,
2141,206400,430,B3,59,43,120,0.25,raw_midi,4,
2142,206400,430,B4,71,43,120,0.25,raw_midi,4,
2143,206400,430,D#5,75,43,120,0.25,raw_midi,4,
2144,207360,432,C2,36,40,120,0.25,raw_midi,4,
2145,207360,432,C3,48,40,120,0.25,raw_midi,4,
2146,207360,432,A3,57,41,120,0.25,raw_midi,4,
2147,207360,432,E4,64,41,120,0.25,raw_midi,4,
2148,207360,432,A4,69,41,120,0.25,raw_midi,4,
2149,207840,433,C2,36,38,120,0.25,raw_midi,4,
2150,207840,433,C3,48,38,120,0.25,raw_midi,4,
2151,207840,433,A#3,58,37,120,0.25,raw_midi,4,
2152,207840,433,E4,64,37,120,0.25,raw_midi,4,
2153,207840,433,A#4,70,37,120,0.25,raw_midi,4,
2154,208320,434,B1,35,37,120,0.25,raw_midi,4,
2155,208320,434,B2,47,37,120,0.25,raw_midi,4,
2156,208320,434,B3,59,35,120,0.25,raw_midi,4,
2157,208320,434,D#4,63,35,120,0.25,raw_midi,4,
2158,208320,434,B4,71,35,240,0.5,raw_midi,4,
2159,208560,434.5,A#4,70,35,120,0.25,raw_midi,4,
2160,208680,434.75,B4,71,37,120,0.25,raw_midi,4,
2161,208800,435,A#4,70,38,120,0.25,raw_midi,4,
2162,208920,435.25,B4,71,39,120,0.25,raw_midi,4,
2163,209040,435.5,A#4,70,41,120,0.25,raw_midi,4,
2164,209160,435.75,B4,71,42,120,0.25,raw_midi,4,
2165,209280,436,A#4,70,43,120,0.25,raw_midi,4,
2166,209400,436.25,B4,71,45,120,0.25,raw_midi,4,
2167,209520,436.5,A#4,70,46,120,0.25,raw_midi,4,
2168,209640,436.75,B4,71,48,120,0.25,raw_midi,4,
2169,209760,437,A#4,70,49,120,0.25,raw_midi,4,
2170,209880,437.25,B4,71,50,120,0.25,raw_midi,4,
2171,210000,437.5,C#5,73,52,120,0.25,raw_midi,4,
2172,210120,437.75,B4,71,53,120,0.25,raw_midi,4,
2173,210240,438,E3,52,51,960,2,raw_midi,4,
2174,210240,438,B4,71,54,180,0.375,raw_midi,4,
2175,210480,438.5,B3,59,40,240,0.5,raw_midi,4,
2176,210480,438.5,E4,64,40,240,0.5,raw_midi,4,
2177,210480,438.5,G#4,68,40,240,0.5,raw_midi,4,
2178,210480,438.5,G#5,80,59,480,1,raw_midi,4,
2179,210720,439,B3,59,41,240,0.5,raw_midi,4,
2180,210720,439,E4,64,41,240,0.5,raw_midi,4,
2181,210720,439,G#4,68,41,240,0.5,raw_midi,4,
2182,210960,439.5,B3,59,41,240,0.5,raw_midi,4,
2183,210960,439.5,E4,64,41,240,0.5,raw_midi,4,
2184,210960,439.5,G#4,68,41,240,0.5,raw_midi,4,
2185,210960,439.5,F#5,78,55,240,0.5,raw_midi,4,
2186,211200,440,E3,52,52,960,2,raw_midi,4,
2187,211200,440,E5,76,54,180,0.375,raw_midi,4,
2188,211440,440.5,B3,59,42,240,0.5,raw_midi,4,
2189,211440,440.5,E4,64,42,240,0.5,raw_midi,4,
2190,211440,440.5,G#4,68,42,240,0.5,raw_midi,4,
2191,211440,440.5,G#5,80,60,480,1,raw_midi,4,
2192,211680,441,B3,59,43,240,0.5,raw_midi,4,
2193,211680,441,E4,64,43,240,0.5,raw_midi,4,
2194,211680,441,G#4,68,43,240,0.5,raw_midi,4,
2195,211920,441.5,B3,59,43,240,0.5,raw_midi,4,
2196,211920,441.5,E4,64,43,240,0.5,raw_midi,4,
2197,211920,441.5,G#4,68,43,240,0.5,raw_midi,4,
2198,211920,441.5,E5,76,58,240,0.5,raw_midi,4,
2199,212160,442,B2,47,54,960,2,raw_midi,4,
2200,212160,442,D#5,75,57,180,0.375,raw_midi,4,
2201,212400,442.5,B3,59,44,240,0.5,raw_midi,4,
2202,212400,442.5,F#4,66,44,240,0.5,raw_midi,4,
2203,212400,442.5,A4,69,44,240,0.5,raw_midi,4,
2204,212400,442.5,B5,83,63,480,1,raw_midi,4,
2205,212640,443,B3,59,44,240,0.5,raw_midi,4,
2206,212640,443,F#4,66,44,240,0.5,raw_midi,4,
2207,212640,443,A4,69,44,240,0.5,raw_midi,4,
2208,212880,443.5,B3,59,45,240,0.5,raw_midi,4,
2209,212880,443.5,F#4,66,45,240,0.5,raw_midi,4,
2210,212880,443.5,A4,69,45,240,0.5,raw_midi,4,
2211,212880,443.5,B5,83,69,480,1,raw_midi,4,
2212,213120,444,D#3,51,55,480,1,raw_midi,4,
2213,213360,444.5,B3,59,45,240,0.5,raw_midi,4,
2214,213360,444.5,F#4,66,45,240,0.5,raw_midi,4,
2215,213360,444.5,A4,69,45,240,0.5,raw_midi,4,
2216,213360,444.5,C#6,85,64,120,0.25,raw_midi,4,
2217,213480,444.75,B5,83,62,120,0.25,raw_midi,4,
2218,213600,445,B2,47,56,480,1,raw_midi,4,
2219,213600,445,A5,81,61,120,0.25,raw_midi,4,
2220,213720,445.25,G#5,80,59,120,0.25,raw_midi,4,
2221,213840,445.5,B3,59,44,240,0.5,raw_midi,4,
2222,213840,445.5,F#4,66,44,240,0.5,raw_midi,4,
2223,213840,445.5,A4,69,44,240,0.5,raw_midi,4,
2224,213840,445.5,A5,81,58,120,0.25,raw_midi,4,
2225,213960,445.75,F#5,78,56,120,0.25,raw_midi,4,
2226,214080,446,E3,52,57,960,2,raw_midi,4,
2227,214080,446,E5,76,59,180,0.375,raw_midi,4,
2228,214320,446.5,B3,59,44,240,0.5,raw_midi,4,
2229,214320,446.5,E4,64,44,240,0.5,raw_midi,4,
2230,214320,446.5,G#4,68,44,240,0.5,raw_midi,4,
2231,214320,446.5,G#5,80,63,480,1,raw_midi,4,
2232,214560,447,B3,59,44,240,0.5,raw_midi,4,
2233,214560,447,E4,64,44,240,0.5,raw_midi,4,
2234,214560,447,G#4,68,44,240,0.5,raw_midi,4,
2235,214800,447.5,B3,59,43,240,0.5,raw_midi,4,
2236,214800,447.5,E4,64,43,240,0.5,raw_midi,4,
2237,214800,447.5,G#4,68,43,240,0.5,raw_midi,4,
2238,214800,447.5,F#5,78,58,240,0.5,raw_midi,4,
2239,215040,448,E3,52,58,960,2,raw_midi,4,
2240,215040,448,E5,76,56,180,0.375,raw_midi,4,
2241,215280,448.5,B3,59,43,240,0.5,raw_midi,4,
2242,215280,448.5,E4,64,43,240,0.5,raw_midi,4,
2243,215280,448.5,G#4,68,43,240,0.5,raw_midi,4,
2244,215280,448.5,G#5,80,58,480,1,raw_midi,4,
2245,215520,449,B3,59,42,240,0.5,raw_midi,4,
2246,215520,449,E4,64,42,240,0.5,raw_midi,4,
2247,215520,449,G#4,68,42,240,0.5,raw_midi,4,
2248,215760,449.5,B3,59,42,240,0.5,raw_midi,4,
2249,215760,449.5,E4,64,42,240,0.5,raw_midi,4,
2250,215760,449.5,G#4,68,42,240,0.5,raw_midi,4,
2251,215760,449.5,E5,76,55,240,0.5,raw_midi,4,
2252,216000,450,B2,47,52,960,2,raw_midi,4,
2253,216000,450,B3,59,42,240,0.5,raw_midi,4,
2254,216000,450,F#4,66,42,240,0.5,raw_midi,4,
2255,216000,450,A4,69,42,240,0.5,raw_midi,4,
2256,216000,450,D#5,75,59,180,0.375,raw_midi,4,
2257,216240,450.5,B3,59,42,240,0.5,raw_midi,4,
2258,216240,450.5,F#4,66,42,240,0.5,raw_midi,4,
2259,216240,450.5,A4,69,42,240,0.5,raw_midi,4,
2260,216240,450.5,F#5,78,59,120,0.25,raw_midi,1,
2261,216360,450.75,E5,76,58,120,0.25,raw_midi,2,
2262,216480,451,B3,59,41,240,0.5,raw_midi,4,
2263,216480,451,F#4,66,41,240,0.5,raw_midi,4,
2264,216480,451,A4,69,41,240,0.5,raw_midi,4,
2265,216480,451,D#5,75,57,120,0.25,raw_midi,2,
2266,216600,451.25,E5,76,56,120,0.25,raw_midi,2,
2267,216720,451.5,F#5,78,56,120,0.25,raw_midi,2,
2268,216840,451.75,D#5,75,55,120,0.25,raw_midi,3,
2269,216960,452,E3,52,46,240,0.5,raw_midi,4,
2270,216960,452,E5,76,52,240,0.5,raw_midi,4,
2271,217080,452.25,E4,64,47,120,0.25,raw_midi,4,
2272,217200,452.5,D4,62,46,120,0.25,raw_midi,4,
2273,217320,452.75,C4,60,45,120,0.25,raw_midi,4,
2274,217440,453,B3,59,44,120,0.25,raw_midi,4,
2275,217560,453.25,A3,57,42,120,0.25,raw_midi,4,
2276,217680,453.5,G3,55,41,120,0.25,raw_midi,4,
2277,217800,453.75,F#3,54,40,120,0.25,raw_midi,4,
2278,217920,454,E3,52,50,180,0.375,raw_midi,4,
2279,217920,454,E4,64,36,120,0.25,raw_midi,4,
2280,217920,454,G4,67,36,120,0.25,raw_midi,4,
2281,218040,454.25,B4,71,36,120,0.25,raw_midi,4,
2282,218160,454.5,G3,55,57,480,1,raw_midi,4,
2283,218160,454.5,E4,64,37,120,0.25,raw_midi,4,
2284,218160,454.5,G4,67,37,120,0.25,raw_midi,4,
2285,218280,454.75,B4,71,37,120,0.25,raw_midi,4,
2286,218400,455,E4,64,37,120,0.25,raw_midi,4,
2287,218400,455,G4,67,37,120,0.25,raw_midi,4,
2288,218520,455.25,B4,71,38,120,0.25,raw_midi,4,
2289,218640,455.5,F#3,54,52,240,0.5,raw_midi,4,
2290,218640,455.5,E4,64,38,120,0.25,raw_midi,4,
2291,218640,455.5,G4,67,38,120,0.25,raw_midi,4,
2292,218760,455.75,B4,71,38,120,0.25,raw_midi,4,
2293,218880,456,E3,52,50,180,0.375,raw_midi,4,
2294,218880,456,E4,64,39,120,0.25,raw_midi,4,
2295,218880,456,G4,67,39,120,0.25,raw_midi,4,
2296,219000,456.25,B4,71,39,120,0.25,raw_midi,4,
2297,219120,456.5,G3,55,61,480,1,raw_midi,4,
2298,219120,456.5,E4,64,40,120,0.25,raw_midi,4,
2299,219120,456.5,G4,67,40,120,0.25,raw_midi,4,
2300,219240,456.75,B4,71,40,120,0.25,raw_midi,4,
2301,219360,457,E4,64,40,120,0.25,raw_midi,4,
2302,219360,457,G4,67,40,120,0.25,raw_midi,4,
2303,219480,457.25,B4,71,41,120,0.25,raw_midi,4,
2304,219600,457.5,E3,52,54,240,0.5,raw_midi,4,
2305,219600,457.5,E4,64,41,120,0.25,raw_midi,4,
2306,219600,457.5,G4,67,41,120,0.25,raw_midi,4,
2307,219720,457.75,B4,71,42,120,0.25,raw_midi,4,
2308,219840,458,D#3,51,52,180,0.375,raw_midi,4,
2309,219840,458,F#4,66,42,120,0.25,raw_midi,4,
2310,219840,458,A4,69,42,120,0.25,raw_midi,4,
2311,219960,458.25,B4,71,42,120,0.25,raw_midi,4,
2312,220080,458.5,B3,59,58,480,1,raw_midi,4,
2313,220080,458.5,F#4,66,43,120,0.25,raw_midi,4,
2314,220080,458.5,A4,69,43,120,0.25,raw_midi,4,
2315,220200,458.75,B4,71,43,120,0.25,raw_midi,4,
2316,220320,459,D#4,63,43,120,0.25,raw_midi,4,
2317,220320,459,F#4,66,43,120,0.25,raw_midi,4,
2318,220440,459.25,B4,71,44,120,0.25,raw_midi,4,
2319,220560,459.5,B3,59,62,419,0.8729166667,raw_midi,4,
2320,220560,459.5,D#4,63,44,120,0.25,raw_midi,4,
2321,220560,459.5,F#4,66,44,120,0.25,raw_midi,4,
2322,220680,459.75,B4,71,45,120,0.25,raw_midi,4,
2323,220800,460,D#4,63,43,120,0.25,raw_midi,4,
2324,220800,460,F#4,66,43,120,0.25,raw_midi,4,
2325,220920,460.25,B4,71,43,120,0.25,raw_midi,4,
2326,221040,460.5,C4,60,62,120,0.25,raw_midi,4,
2327,221040,460.5,D#4,63,42,120,0.25,raw_midi,4,
2328,221040,460.5,F#4,66,42,120,0.25,raw_midi,4,
2329,221160,460.75,B3,59,59,120,0.25,raw_midi,4,
2330,221160,460.75,B4,71,42,120,0.25,raw_midi,4,
2331,221280,461,A3,57,57,120,0.25,raw_midi,4,
2332,221280,461,D#4,63,41,120,0.25,raw_midi,4,
2333,221280,461,F#4,66,41,120,0.25,raw_midi,4,
2334,221400,461.25,G3,55,54,120,0.25,raw_midi,4,
2335,221400,461.25,B4,71,40,120,0.25,raw_midi,4,
2336,221520,461.5,A3,57,52,120,0.25,raw_midi,4,
2337,221520,461.5,D#4,63,40,120,0.25,raw_midi,4,
2338,221520,461.5,F#4,66,40,120,0.25,raw_midi,4,
2339,221640,461.75,F#3,54,49,120,0.25,raw_midi,4,
2340,221640,461.75,B4,71,39,120,0.25,raw_midi,4,
2341,221760,462,E3,52,50,180,0.375,raw_midi,4,
2342,221760,462,E4,64,40,120,0.25,raw_midi,4,
2343,221760,462,G4,67,40,120,0.25,raw_midi,4,
2344,221880,462.25,B4,71,41,120,0.25,raw_midi,4,
2345,222000,462.5,G3,55,58,480,1,raw_midi,4,
2346,222000,462.5,E4,64,41,120,0.25,raw_midi,4,
2347,222000,462.5,G4,67,41,120,0.25,raw_midi,4,
2348,222120,462.75,B4,71,42,120,0.25,raw_midi,4,
2349,222240,463,E4,64,43,120,0.25,raw_midi,4,
2350,222240,463,G4,67,43,120,0.25,raw_midi,4,
2351,222360,463.25,B4,71,43,120,0.25,raw_midi,4,
2352,222480,463.5,F#3,54,55,240,0.5,raw_midi,4,
2353,222480,463.5,E4,64,44,120,0.25,raw_midi,4,
2354,222480,463.5,G4,67,44,120,0.25,raw_midi,4,
2355,222600,463.75,B4,71,45,120,0.25,raw_midi,4,
2356,222720,464,E3,52,52,180,0.375,raw_midi,4,
2357,222720,464,E4,64,46,120,0.25,raw_midi,4,
2358,222720,464,G4,67,46,120,0.25,raw_midi,4,
2359,222840,464.25,B4,71,46,120,0.25,raw_midi,4,
2360,222960,464.5,G3,55,67,480,1,raw_midi,4,
2361,222960,464.5,E4,64,47,120,0.25,raw_midi,4,
2362,222960,464.5,G4,67,47,120,0.25,raw_midi,4,
2363,223080,464.75,B4,71,48,120,0.25,raw_midi,4,
2364,223200,465,E4,64,49,120,0.25,raw_midi,4,
2365,223200,465,G4,67,49,120,0.25,raw_midi,4,
2366,223200,465,A#4,70,49,120,0.25,raw_midi,4,
2367,223320,465.25,C#5,73,49,120,0.25,raw_midi,4,
2368,223440,465.5,G3,55,62,240,0.5,raw_midi,4,
2369,223440,465.5,E4,64,50,120,0.25,raw_midi,4,
2370,223440,465.5,G4,67,50,120,0.25,raw_midi,4,
2371,223440,465.5,A#4,70,50,120,0.25,raw_midi,4,
2372,223560,465.75,C#5,73,51,120,0.25,raw_midi,4,
2373,223680,466,F#3,54,64,120,0.25,raw_midi,4,
2374,223680,466,A4,69,52,120,0.25,raw_midi,4,
2375,223680,466,C5,72,52,120,0.25,raw_midi,4,
2376,223800,466.25,A3,57,65,120,0.25,raw_midi,4,
2377,223800,466.25,D5,74,53,120,0.25,raw_midi,4,
2378,223920,466.5,G3,55,67,120,0.25,raw_midi,4,
2379,223920,466.5,A4,69,54,120,0.25,raw_midi,4,
2380,223920,466.5,C5,72,54,120,0.25,raw_midi,4,
2381,224040,466.75,B3,59,69,120,0.25,raw_midi,4,
2382,224040,466.75,D5,74,55,120,0.25,raw_midi,4,
2383,224160,467,A3,57,70,120,0.25,raw_midi,4,
2384,224160,467,F#4,66,56,120,0.25,raw_midi,4,
2385,224160,467,A4,69,56,120,0.25,raw_midi,4,
2386,224280,467.25,C4,60,72,120,0.25,raw_midi,4,
2387,224280,467.25,D5,74,58,120,0.25,raw_midi,4,
2388,224400,467.5,B3,59,73,120,0.25,raw_midi,4,
2389,224400,467.5,F#4,66,59,120,0.25,raw_midi,4,
2390,224400,467.5,A4,69,59,120,0.25,raw_midi,4,
2391,224520,467.75,D4,62,75,120,0.25,raw_midi,4,
2392,224520,467.75,D5,74,60,120,0.25,raw_midi,4,
2393,224640,468,C4,60,75,120,0.25,raw_midi,4,
2394,224640,468,F#4,66,61,120,0.25,raw_midi,4,
2395,224640,468,A4,69,61,120,0.25,raw_midi,4,
2396,224760,468.25,B3,59,71,120,0.25,raw_midi,4,
2397,224760,468.25,D5,74,60,120,0.25,raw_midi,4,
2398,224880,468.5,A3,57,68,120,0.25,raw_midi,4,
2399,224880,468.5,F#4,66,59,120,0.25,raw_midi,4,
2400,224880,468.5,A4,69,59,120,0.25,raw_midi,4,
2401,225000,468.75,G3,55,64,120,0.25,raw_midi,4,
2402,225000,468.75,D5,74,57,120,0.25,raw_midi,4,
2403,225120,469,F#3,54,61,120,0.25,raw_midi,4,
2404,225120,469,F#4,66,56,120,0.25,raw_midi,4,
2405,225120,469,A4,69,56,120,0.25,raw_midi,4,
2406,225240,469.25,E3,52,57,120,0.25,raw_midi,4,
2407,225240,469.25,D5,74,54,120,0.25,raw_midi,4,
2408,225360,469.5,D3,50,53,120,0.25,raw_midi,4,
2409,225360,469.5,F#4,66,53,120,0.25,raw_midi,4,
2410,225360,469.5,A4,69,53,120,0.25,raw_midi,4,
2411,225480,469.75,C3,48,50,120,0.25,raw_midi,4,
2412,225480,469.75,D5,74,51,120,0.25,raw_midi,4,
2413,225600,470,B2,47,51,480,1,raw_midi,4,
2414,225600,470,G4,67,50,180,0.375,raw_midi,4,
2415,225600,470,D5,74,50,180,0.375,raw_midi,4,
2416,225840,470.5,G3,55,40,240,0.5,raw_midi,4,
2417,225840,470.5,B3,59,40,240,0.5,raw_midi,4,
2418,225840,470.5,D4,62,40,240,0.5,raw_midi,4,
2419,225840,470.5,B5,83,59,480,1,raw_midi,4,
2420,226080,471,G2,43,51,480,1,raw_midi,4,
2421,226320,471.5,G3,55,42,240,0.5,raw_midi,4,
2422,226320,471.5,B3,59,42,240,0.5,raw_midi,4,
2423,226320,471.5,D4,62,42,240,0.5,raw_midi,4,
2424,226320,471.5,A5,81,55,240,0.5,raw_midi,4,
2425,226560,472,G2,43,52,960,2,raw_midi,4,
2426,226560,472,G5,79,54,180,0.375,raw_midi,4,
2427,226800,472.5,G3,55,43,240,0.5,raw_midi,4,
2428,226800,472.5,B3,59,43,240,0.5,raw_midi,4,
2429,226800,472.5,D4,62,43,240,0.5,raw_midi,4,
2430,226800,472.5,B5,83,60,480,1,raw_midi,4,
2431,227040,473,G3,55,44,240,0.5,raw_midi,4,
2432,227040,473,B3,59,44,240,0.5,raw_midi,4,
2433,227040,473,D4,62,44,240,0.5,raw_midi,4,
2434,227280,473.5,G3,55,45,240,0.5,raw_midi,4,
2435,227280,473.5,B3,59,45,240,0.5,raw_midi,4,
2436,227280,473.5,D4,62,45,240,0.5,raw_midi,4,
2437,227280,473.5,G5,79,58,240,0.5,raw_midi,4,
2438,227520,474,D3,50,55,960,2,raw_midi,4,
2439,227520,474,F#5,78,57,180,0.375,raw_midi,4,
2440,227760,474.5,A3,57,47,240,0.5,raw_midi,4,
2441,227760,474.5,C4,60,47,240,0.5,raw_midi,4,
2442,227760,474.5,D4,62,47,240,0.5,raw_midi,4,
2443,227760,474.5,D6,86,64,480,1,raw_midi,4,
2444,228000,475,A3,57,47,240,0.5,raw_midi,4,
2445,228000,475,C4,60,47,240,0.5,raw_midi,4,
2446,228000,475,D4,62,47,240,0.5,raw_midi,4,
2447,228240,475.5,A3,57,48,240,0.5,raw_midi,4,
2448,228240,475.5,C4,60,48,240,0.5,raw_midi,4,
2449,228240,475.5,D4,62,48,240,0.5,raw_midi,4,
2450,228240,475.5,D6,86,68,480,1,raw_midi,4,
2451,228480,476,F#3,54,57,480,1,raw_midi,4,
2452,228720,476.5,A3,57,45,240,0.5,raw_midi,4,
2453,228720,476.5,C4,60,45,240,0.5,raw_midi,4,
2454,228720,476.5,D4,62,45,240,0.5,raw_midi,4,
2455,228720,476.5,E6,88,64,120,0.25,raw_midi,4,
2456,228840,476.75,D6,86,62,120,0.25,raw_midi,4,
2457,228960,477,D3,50,59,480,1,raw_midi,4,
2458,228960,477,C6,84,61,120,0.25,raw_midi,4,
2459,229080,477.25,B5,83,59,120,0.25,raw_midi,4,
2460,229200,477.5,A3,57,44,240,0.5,raw_midi,4,
2461,229200,477.5,C4,60,44,240,0.5,raw_midi,4,
2462,229200,477.5,D4,62,44,240,0.5,raw_midi,4,
2463,229200,477.5,C6,84,58,120,0.25,raw_midi,4,
2464,229320,477.75,A5,81,56,120,0.25,raw_midi,4,
2465,229440,478,G3,55,60,480,1,raw_midi,4,
2466,229440,478,G5,79,59,180,0.375,raw_midi,4,
2467,229680,478.5,B3,59,44,240,0.5,raw_midi,4,
2468,229680,478.5,D4,62,44,240,0.5,raw_midi,4,
2469,229680,478.5,B5,83,61,480,1,raw_midi,4,
2470,229920,479,G2,43,57,480,1,raw_midi,4,
2471,230160,479.5,G3,55,43,240,0.5,raw_midi,4,
2472,230160,479.5,B3,59,43,240,0.5,raw_midi,4,
2473,230160,479.5,D4,62,43,240,0.5,raw_midi,4,
2474,230160,479.5,A5,81,57,240,0.5,raw_midi,4,
2475,230400,480,G2,43,54,960,2,raw_midi,4,
2476,230400,480,G5,79,55,180,0.375,raw_midi,4,
2477,230640,480.5,G3,55,43,240,0.5,raw_midi,4,
2478,230640,480.5,B3,59,43,240,0.5,raw_midi,4,
2479,230640,480.5,D4,62,43,240,0.5,raw_midi,4,
2480,230640,480.5,B5,83,58,480,1,raw_midi,4,
2481,230880,481,G3,55,42,240,0.5,raw_midi,4,
2482,230880,481,B3,59,42,240,0.5,raw_midi,4,
2483,230880,481,D4,62,42,240,0.5,raw_midi,4,
2484,231120,481.5,G3,55,42,240,0.5,raw_midi,4,
2485,231120,481.5,B3,59,42,240,0.5,raw_midi,4,
2486,231120,481.5,D4,62,42,240,0.5,raw_midi,4,
2487,231120,481.5,G5,79,55,240,0.5,raw_midi,4,
2488,231360,482,D3,50,47,960,2,raw_midi,4,
2489,231360,482,A3,57,42,240,0.5,raw_midi,4,
2490,231360,482,C4,60,42,240,0.5,raw_midi,4,
2491,231360,482,D4,62,42,240,0.5,raw_midi,4,
2492,231360,482,F#5,78,59,180,0.375,raw_midi,4,
2493,231600,482.5,A3,57,42,240,0.5,raw_midi,4,
2494,231600,482.5,C4,60,42,240,0.5,raw_midi,4,
2495,231600,482.5,D4,62,42,240,0.5,raw_midi,4,
2496,231600,482.5,A5,81,57,120,0.25,raw_midi,4,
2497,231720,482.75,G5,79,56,120,0.25,raw_midi,4,
2498,231840,483,A3,57,41,240,0.5,raw_midi,4,
2499,231840,483,C4,60,41,240,0.5,raw_midi,4,
2500,231840,483,D4,62,41,240,0.5,raw_midi,4,
2501,231840,483,F#5,78,55,120,0.25,raw_midi,4,
2502,231960,483.25,G5,79,54,120,0.25,raw_midi,4,
2503,232080,483.5,A5,81,53,120,0.25,raw_midi,4,
2504,232200,483.75,F#5,78,52,120,0.25,raw_midi,4,
2505,232320,484,G2,43,46,240,0.5,raw_midi,4,
2506,232320,484,G5,79,51,240,0.5,raw_midi,4,
2507,232440,484.25,G3,55,47,120,0.25,raw_midi,4,
2508,232560,484.5,F#3,54,46,120,0.25,raw_midi,4,
2509,232680,484.75,E3,52,45,120,0.25,raw_midi,4,
2510,232800,485,D3,50,44,120,0.25,raw_midi,4,
2511,232920,485.25,C3,48,43,120,0.25,raw_midi,4,
2512,233040,485.5,B2,47,41,120,0.25,raw_midi,4,
2513,233160,485.75,A2,45,40,120,0.25,raw_midi,4,
2514,233280,486,G2,43,50,180,0.375,raw_midi,4,
2515,233280,486,G3,55,36,120,0.25,raw_midi,4,
2516,233280,486,B3,59,36,120,0.25,raw_midi,4,
2517,233400,486.25,D4,62,36,120,0.25,raw_midi,4,
2518,233520,486.5,B2,47,59,480,1,raw_midi,4,
2519,233520,486.5,G3,55,37,120,0.25,raw_midi,4,
2520,233520,486.5,B3,59,37,120,0.25,raw_midi,4,
2521,233640,486.75,D4,62,37,120,0.25,raw_midi,4,
2522,233760,487,G3,55,37,120,0.25,raw_midi,4,
2523,233760,487,B3,59,37,120,0.25,raw_midi,4,
2524,233880,487.25,D4,62,38,120,0.25,raw_midi,4,
2525,234000,487.5,A2,45,52,240,0.5,raw_midi,4,
2526,234000,487.5,G3,55,38,120,0.25,raw_midi,4,
2527,234000,487.5,B3,59,38,120,0.25,raw_midi,4,
2528,234120,487.75,D4,62,38,120,0.25,raw_midi,4,
2529,234240,488,G2,43,50,180,0.375,raw_midi,4,
2530,234240,488,G3,55,39,120,0.25,raw_midi,4,
2531,234240,488,B3,59,39,120,0.25,raw_midi,4,
2532,234360,488.25,D4,62,39,120,0.25,raw_midi,4,
2533,234480,488.5,B2,47,60,480,1,raw_midi,4,
2534,234480,488.5,G3,55,40,120,0.25,raw_midi,4,
2535,234480,488.5,B3,59,40,120,0.25,raw_midi,4,
2536,234600,488.75,D4,62,40,120,0.25,raw_midi,4,
2537,234720,489,G3,55,40,120,0.25,raw_midi,4,
2538,234720,489,B3,59,40,120,0.25,raw_midi,4,
2539,234840,489.25,D4,62,41,120,0.25,raw_midi,4,
2540,234960,489.5,G2,43,54,240,0.5,raw_midi,4,
2541,234960,489.5,G3,55,41,120,0.25,raw_midi,4,
2542,234960,489.5,B3,59,41,120,0.25,raw_midi,4,
2543,235080,489.75,D4,62,42,120,0.25,raw_midi,4,
2544,235200,490,F#2,42,52,180,0.375,raw_midi,4,
2545,235200,490,A3,57,42,120,0.25,raw_midi,4,
2546,235200,490,C4,60,42,120,0.25,raw_midi,4,
2547,235320,490.25,D4,62,42,120,0.25,raw_midi,4,
2548,235440,490.5,D3,50,61,480,1,raw_midi,4,
2549,235440,490.5,A3,57,43,120,0.25,raw_midi,4,
2550,235440,490.5,C4,60,43,120,0.25,raw_midi,4,
2551,235560,490.75,D4,62,43,120,0.25,raw_midi,4,
2552,235680,491,F#3,54,43,120,0.25,raw_midi,4,
2553,235680,491,A3,57,43,120,0.25,raw_midi,4,
2554,235800,491.25,D4,62,44,120,0.25,raw_midi,4,
2555,235920,491.5,D3,50,67,419,0.8729166667,raw_midi,4,
2556,235920,491.5,F#3,54,44,120,0.25,raw_midi,4,
2557,235920,491.5,A3,57,44,120,0.25,raw_midi,4,
2558,236040,491.75,D4,62,45,120,0.25,raw_midi,4,
2559,236160,492,F#3,54,43,120,0.25,raw_midi,4,
2560,236160,492,A3,57,43,120,0.25,raw_midi,4,
2561,236280,492.25,D4,62,43,120,0.25,raw_midi,4,
2562,236400,492.5,E3,52,60,120,0.25,raw_midi,1,
2563,236400,492.5,F#3,54,42,120,0.25,raw_midi,4,
2564,236400,492.5,A3,57,42,120,0.25,raw_midi,4,
2565,236520,492.75,D3,50,58,120,0.25,raw_midi,2,
2566,236520,492.75,D4,62,42,120,0.25,raw_midi,4,
2567,236640,493,C3,48,56,120,0.25,raw_midi,2,
2568,236640,493,F#3,54,41,120,0.25,raw_midi,4,
2569,236640,493,A3,57,41,120,0.25,raw_midi,4,
2570,236760,493.25,B2,47,54,120,0.25,raw_midi,2,
2571,236760,493.25,D4,62,40,120,0.25,raw_midi,4,
2572,236880,493.5,C3,48,52,120,0.25,raw_midi,2,
2573,236880,493.5,F#3,54,40,120,0.25,raw_midi,4,
2574,236880,493.5,A3,57,40,120,0.25,raw_midi,4,
2575,237000,493.75,A2,45,50,120,0.25,raw_midi,3,
2576,237000,493.75,D4,62,40,120,0.25,raw_midi,4,
2577,237120,494,G2,43,48,180,0.375,raw_midi,4,
2578,237120,494,G3,55,40,120,0.25,raw_midi,4,
2579,237120,494,B3,59,40,120,0.25,raw_midi,4,
2580,237240,494.25,D4,62,41,120,0.25,raw_midi,4,
2581,237360,494.5,B2,47,60,480,1,raw_midi,4,
2582,237360,494.5,G3,55,41,120,0.25,raw_midi,4,
2583,237360,494.5,B3,59,41,120,0.25,raw_midi,4,
2584,237480,494.75,D4,62,42,120,0.25,raw_midi,4,
2585,237600,495,G#3,56,42,120,0.25,raw_midi,4,
2586,237600,495,D4,62,42,120,0.25,raw_midi,4,
2587,237720,495.25,F#4,66,43,120,0.25,raw_midi,4,
2588,237840,495.5,B2,47,51,240,0.5,raw_midi,4,
2589,237840,495.5,G#3,56,43,120,0.25,raw_midi,4,
2590,237840,495.5,D4,62,43,120,0.25,raw_midi,4,
2591,237960,495.75,F#4,66,44,120,0.25,raw_midi,4,
2592,238080,496,A#2,46,73,180,0.375,raw_midi,4,
2593,238080,496,C#4,61,44,120,0.25,raw_midi,4,
2594,238080,496,E4,64,44,120,0.25,raw_midi,4,
2595,238200,496.25,F#4,66,45,120,0.25,raw_midi,4,
2596,238320,496.5,C#3,49,70,120,0.25,raw_midi,1,
2597,238320,496.5,C#4,61,45,120,0.25,raw_midi,4,
2598,238320,496.5,E4,64,45,120,0.25,raw_midi,4,
2599,238440,496.75,B2,47,68,120,0.25,raw_midi,2,
2600,238440,496.75,F#4,66,46,120,0.25,raw_midi,4,
2601,238560,497,A#2,46,66,120,0.25,raw_midi,2,
2602,238560,497,C#4,61,46,120,0.25,raw_midi,4,
2603,238560,497,E4,64,46,120,0.25,raw_midi,4,
2604,238680,497.25,B2,47,64,120,0.25,raw_midi,2,
2605,238680,497.25,F#4,66,47,120,0.25,raw_midi,4,
2606,238800,497.5,C#3,49,63,120,0.25,raw_midi,2,
2607,238800,497.5,C#4,61,47,127,0.2645833333,raw_midi,4,
2608,238800,497.5,E4,64,47,120,0.25,raw_midi,4,
2609,238920,497.75,A#2,46,61,120,0.25,raw_midi,3,
2610,238920,497.75,F#4,66,48,120,0.25,raw_midi,4,
2611,239040,498,B2,47,59,180,0.375,raw_midi,4,
2612,239040,498,B3,59,49,120,0.25,raw_midi,4,
2613,239040,498,D4,62,49,120,0.25,raw_midi,4,
2614,239160,498.25,F#4,66,49,120,0.25,raw_midi,4,
2615,239280,498.5,D3,50,73,480,1,raw_midi,4,
2616,239280,498.5,B3,59,50,120,0.25,raw_midi,4,
2617,239280,498.5,D4,62,50,120,0.25,raw_midi,4,
2618,239400,498.75,F#4,66,50,120,0.25,raw_midi,4,
2619,239520,499,B3,59,51,120,0.25,raw_midi,4,
2620,239520,499,F4,65,51,120,0.25,raw_midi,4,
2621,239640,499.25,G#4,68,51,120,0.25,raw_midi,4,
2622,239760,499.5,D3,50,67,240,0.5,raw_midi,4,
2623,239760,499.5,B3,59,52,120,0.25,raw_midi,4,
2624,239760,499.5,F4,65,52,120,0.25,raw_midi,4,
2625,239880,499.75,G#4,68,52,120,0.25,raw_midi,4,
2626,240000,500,C#3,49,83,180,0.375,raw_midi,4,
2627,240000,500,E4,64,53,120,0.25,raw_midi,4,
2628,240000,500,G4,67,53,120,0.25,raw_midi,4,
2629,240120,500.25,A4,69,53,120,0.25,raw_midi,4,
2630,240240,500.5,E3,52,80,120,0.25,raw_midi,1,
2631,240240,500.5,E4,64,54,120,0.25,raw_midi,4,
2632,240240,500.5,G4,67,54,120,0.25,raw_midi,4,
2633,240360,500.75,D3,50,79,120,0.25,raw_midi,2,
2634,240360,500.75,A4,69,54,120,0.25,raw_midi,4,
2635,240480,501,C#3,49,77,120,0.25,raw_midi,2,
2636,240480,501,E4,64,55,120,0.25,raw_midi,4,
2637,240480,501,G4,67,55,120,0.25,raw_midi,4,
2638,240600,501.25,D3,50,76,120,0.25,raw_midi,2,
2639,240600,501.25,A4,69,55,120,0.25,raw_midi,4,
2640,240720,501.5,E3,52,75,120,0.25,raw_midi,2,
2641,240720,501.5,E4,64,56,120,0.25,raw_midi,4,
2642,240720,501.5,G4,67,56,120,0.25,raw_midi,4,
2643,240840,501.75,C#3,49,73,120,0.25,raw_midi,3,
2644,240840,501.75,A4,69,56,120,0.25,raw_midi,4,
2645,240960,502,D3,50,72,180,0.375,raw_midi,4,
2646,240960,502,D4,62,57,120,0.25,raw_midi,4,
2647,240960,502,F4,65,57,120,0.25,raw_midi,4,
2648,241080,502.25,A4,69,58,120,0.25,raw_midi,4,
2649,241200,502.5,F3,53,83,480,1,raw_midi,4,
2650,241200,502.5,D4,62,58,120,0.25,raw_midi,4,
2651,241200,502.5,F4,65,58,120,0.25,raw_midi,4,
2652,241320,502.75,A4,69,59,120,0.25,raw_midi,4,
2653,241440,503,D4,62,59,120,0.25,raw_midi,4,
2654,241440,503,F4,65,59,120,0.25,raw_midi,4,
2655,241560,503.25,A4,69,60,120,0.25,raw_midi,4,
2656,241680,503.5,F3,53,76,240,0.5,raw_midi,4,
2657,241680,503.5,D4,62,60,120,0.25,raw_midi,4,
2658,241680,503.5,F4,65,60,120,0.25,raw_midi,4,
2659,241800,503.75,A4,69,61,120,0.25,raw_midi,4,
2660,241920,504,F3,53,73,240,0.5,raw_midi,1,
2661,241920,504,D4,62,63,120,0.25,raw_midi,4,
2662,242040,504.25,B4,71,65,120,0.25,raw_midi,4,
2663,242160,504.5,G2,43,81,480,1,raw_midi,3,
2664,242160,504.5,G4,67,63,120,0.25,raw_midi,4,
2665,242280,504.75,B4,71,64,120,0.25,raw_midi,4,
2666,242400,505,E4,64,62,120,0.25,raw_midi,4,
2667,242520,505.25,C5,72,63,120,0.25,raw_midi,4,
2668,242640,505.5,E3,52,76,240,0.5,raw_midi,4,
2669,242640,505.5,G4,67,61,120,0.25,raw_midi,4,
2670,242760,505.75,C5,72,62,120,0.25,raw_midi,4,
2671,242880,506,E3,52,73,240,0.5,raw_midi,1,
2672,242880,506,C#4,61,60,120,0.25,raw_midi,4,
2673,243000,506.25,A#4,70,61,120,0.25,raw_midi,4,
2674,243120,506.5,F#2,42,77,480,1,raw_midi,3,
2675,243120,506.5,F#4,66,59,120,0.25,raw_midi,4,
2676,243240,506.75,A#4,70,60,120,0.25,raw_midi,4,
2677,243360,507,D4,62,58,120,0.25,raw_midi,4,
2678,243480,507.25,B4,71,59,120,0.25,raw_midi,4,
2679,243600,507.5,D3,50,67,240,0.5,raw_midi,4,
2680,243600,507.5,F#4,66,57,120,0.25,raw_midi,4,
2681,243720,507.75,B4,71,58,120,0.25,raw_midi,4,
2682,243840,508,D3,50,63,240,0.5,raw_midi,1,
2683,243840,508,B3,59,56,120,0.25,raw_midi,4,
2684,243960,508.25,G#4,68,57,120,0.25,raw_midi,4,
2685,244080,508.5,E2,40,70,480,1,raw_midi,3,
2686,244080,508.5,E4,64,55,120,0.25,raw_midi,4,
2687,244200,508.75,G#4,68,56,120,0.25,raw_midi,4,
2688,244320,509,C4,60,54,120,0.25,raw_midi,4,
2689,244440,509.25,A4,69,55,120,0.25,raw_midi,4,
2690,244560,509.5,C3,48,65,240,0.5,raw_midi,4,
2691,244560,509.5,E4,64,53,120,0.25,raw_midi,4,
2692,244680,509.75,A4,69,55,120,0.25,raw_midi,4,
2693,244800,510,C3,48,64,720,1.5,raw_midi,1,
2694,244800,510,A3,57,52,120,0.25,raw_midi,4,
2695,244920,510.25,F#4,66,54,120,0.25,raw_midi,4,
2696,245040,510.5,D2,38,62,240,0.5,raw_midi,4,
2697,245040,510.5,D4,62,51,120,0.25,raw_midi,4,
2698,245160,510.75,F#4,66,53,120,0.25,raw_midi,4,
2699,245280,511,E2,40,60,480,1,raw_midi,4,
2700,245280,511,G3,55,50,120,0.25,raw_midi,4,
2701,245400,511.25,G4,67,52,120,0.25,raw_midi,4,
2702,245520,511.5,B2,47,59,240,0.5,raw_midi,3,
2703,245520,511.5,G4,67,49,120,0.25,raw_midi,4,
2704,245640,511.75,G5,79,51,120,0.25,raw_midi,4,
2705,245760,512,C2,36,62,480,1,raw_midi,4,
2706,245760,512,B2,47,57,240,0.5,raw_midi,1,
2707,245760,512,E4,64,48,120,0.25,raw_midi,4,
2708,245880,512.25,E5,76,50,120,0.25,raw_midi,4,
2709,246000,512.5,A2,45,55,240,0.5,raw_midi,2,
2710,246000,512.5,E4,64,47,120,0.25,raw_midi,4,
2711,246120,512.75,E5,76,49,120,0.25,raw_midi,4,
2712,246240,513,D2,38,59,480,1,raw_midi,4,
2713,246240,513,G2,43,54,240,0.5,raw_midi,2,
2714,246240,513,A3,57,46,120,0.25,raw_midi,4,
2715,246360,513.25,A4,69,48,120,0.25,raw_midi,4,
2716,246480,513.5,F#2,42,52,240,0.5,raw_midi,3,
2717,246480,513.5,D4,62,45,120,0.25,raw_midi,4,
2718,246600,513.75,D5,74,47,120,0.25,raw_midi,4,
2719,246720,514,G1,31,55,960,2,raw_midi,4,
2720,246720,514,G2,43,55,960,2,raw_midi,4,
2721,246720,514,G3,55,44,180,0.375,raw_midi,4,
2722,246720,514,G4,67,46,180,0.375,raw_midi,4,
2723,246960,514.5,G3,55,40,240,0.5,raw_midi,4,
2724,246960,514.5,B3,59,40,240,0.5,raw_midi,4,
2725,246960,514.5,B4,71,51,480,1,raw_midi,4,
2726,247200,515,G3,55,41,240,0.5,raw_midi,4,
2727,247200,515,B3,59,41,240,0.5,raw_midi,4,
2728,247440,515.5,G3,55,42,240,0.5,raw_midi,4,
2729,247440,515.5,B3,59,42,240,0.5,raw_midi,4,
2730,247440,515.5,B4,71,46,240,0.5,raw_midi,4,
2731,247680,516,F#2,42,55,960,2,raw_midi,4,
2732,247680,516,A#4,70,58,135,0.28125,raw_midi,4,
2733,247920,516.5,F#3,54,44,240,0.5,raw_midi,4,
2734,247920,516.5,A#3,58,44,240,0.5,raw_midi,4,
2735,247920,516.5,C#4,61,44,240,0.5,raw_midi,4,
2736,247920,516.5,C#5,73,55,120,0.25,raw_midi,4,
2737,248040,516.75,B4,71,54,120,0.25,raw_midi,4,
2738,248160,517,F#3,54,45,240,0.5,raw_midi,4,
2739,248160,517,A#3,58,45,240,0.5,raw_midi,4,
2740,248160,517,C#4,61,45,240,0.5,raw_midi,4,
2741,248160,517,A#4,70,53,120,0.25,raw_midi,4,
2742,248280,517.25,B4,71,52,120,0.25,raw_midi,4,
2743,248400,517.5,F#3,54,46,240,0.5,raw_midi,4,
2744,248400,517.5,A#3,58,46,240,0.5,raw_midi,4,
2745,248400,517.5,C#4,61,46,240,0.5,raw_midi,4,
2746,248400,517.5,C#5,73,52,120,0.25,raw_midi,4,
2747,248520,517.75,A#4,70,51,120,0.25,raw_midi,4,
2748,248640,518,B2,47,58,960,2,raw_midi,4,
2749,248640,518,B4,71,50,180,0.375,raw_midi,4,
2750,248880,518.5,B3,59,48,240,0.5,raw_midi,4,
2751,248880,518.5,D4,62,48,240,0.5,raw_midi,4,
2752,248880,518.5,D5,74,65,480,1,raw_midi,4,
2753,249120,519,B3,59,49,240,0.5,raw_midi,4,
2754,249120,519,D4,62,49,240,0.5,raw_midi,4,
2755,249360,519.5,B3,59,50,240,0.5,raw_midi,4,
2756,249360,519.5,D4,62,50,240,0.5,raw_midi,4,
2757,249360,519.5,D5,74,60,240,0.5,raw_midi,4,
2758,249600,520,A2,45,61,960,2,raw_midi,4,
2759,249600,520,C#5,73,70,180,0.375,raw_midi,4,
2760,249840,520.5,A3,57,52,240,0.5,raw_midi,4,
2761,249840,520.5,C#4,61,52,240,0.5,raw_midi,4,
2762,249840,520.5,E4,64,52,240,0.5,raw_midi,4,
2763,249840,520.5,E5,76,65,120,0.25,raw_midi,1,
2764,249960,520.75,D5,74,64,120,0.25,raw_midi,2,
2765,250080,521,A3,57,53,240,0.5,raw_midi,4,
2766,250080,521,C#4,61,53,240,0.5,raw_midi,4,
2767,250080,521,E4,64,53,240,0.5,raw_midi,4,
2768,250080,521,C#5,73,63,120,0.25,raw_midi,2,
2769,250200,521.25,D5,74,62,120,0.25,raw_midi,2,
2770,250320,521.5,A3,57,54,240,0.5,raw_midi,4,
2771,250320,521.5,C#4,61,54,240,0.5,raw_midi,4,
2772,250320,521.5,E4,64,54,240,0.5,raw_midi,4,
2773,250320,521.5,E5,76,62,120,0.25,raw_midi,2,
2774,250440,521.75,C#5,73,61,120,0.25,raw_midi,3,
2775,250560,522,D3,50,65,960,2,raw_midi,4,
2776,250560,522,D5,74,60,180,0.375,raw_midi,4,
2777,250800,522.5,D4,62,56,240,0.5,raw_midi,4,
2778,250800,522.5,F4,65,56,240,0.5,raw_midi,4,
2779,250800,522.5,F5,77,71,480,1,raw_midi,4,
2780,251040,523,D4,62,57,240,0.5,raw_midi,4,
2781,251040,523,F4,65,57,240,0.5,raw_midi,4,
2782,251280,523.5,D4,62,58,240,0.5,raw_midi,4,
2783,251280,523.5,F4,65,58,240,0.5,raw_midi,4,
2784,251280,523.5,F5,77,68,240,0.5,raw_midi,4,
2785,251520,524,B2,47,68,480,1,raw_midi,4,
2786,251520,524,F5,77,66,600,1.25,raw_midi,4,
2787,251640,524.25,G4,67,62,120,0.25,raw_midi,4,
2788,251760,524.5,B3,59,60,240,0.5,raw_midi,4,
2789,251760,524.5,D4,62,60,240,0.5,raw_midi,4,
2790,251760,524.5,F#4,66,62,120,0.25,raw_midi,4,
2791,251880,524.75,G4,67,63,120,0.25,raw_midi,4,
2792,252000,525,C3,48,70,480,1,raw_midi,4,
2793,252000,525,G4,67,64,600,1.25,raw_midi,4,
2794,252120,525.25,E5,76,70,120,0.25,raw_midi,4,
2795,252240,525.5,C4,60,62,240,0.5,raw_midi,4,
2796,252240,525.5,E4,64,62,240,0.5,raw_midi,4,
2797,252240,525.5,D#5,75,71,120,0.25,raw_midi,4,
2798,252360,525.75,E5,76,71,120,0.25,raw_midi,4,
2799,252480,526,A#2,46,71,480,1,raw_midi,4,
2800,252480,526,E5,76,72,600,1.25,raw_midi,4,
2801,252600,526.25,F#4,66,67,120,0.25,raw_midi,4,
2802,252720,526.5,A#3,58,64,240,0.5,raw_midi,4,
2803,252720,526.5,C#4,61,64,240,0.5,raw_midi,4,
2804,252720,526.5,F4,65,68,120,0.25,raw_midi,4,
2805,252840,526.75,F#4,66,68,120,0.25,raw_midi,4,
2806,252960,527,B2,47,73,480,1,raw_midi,4,
2807,252960,527,F#4,66,69,600,1.25,raw_midi,4,
2808,253080,527.25,D5,74,75,120,0.25,raw_midi,4,
2809,253200,527.5,B3,59,66,240,0.5,raw_midi,4,
2810,253200,527.5,D4,62,66,240,0.5,raw_midi,4,
2811,253200,527.5,C#5,73,75,120,0.25,raw_midi,4,
2812,253320,527.75,D5,74,76,120,0.25,raw_midi,4,
2813,253440,528,G#2,44,75,480,1,raw_midi,4,
2814,253440,528,D5,74,76,600,1.25,raw_midi,4,
2815,253560,528.25,E4,64,72,120,0.25,raw_midi,4,
2816,253680,528.5,G#3,56,68,240,0.5,raw_midi,4,
2817,253680,528.5,B3,59,68,240,0.5,raw_midi,4,
2818,253680,528.5,D#4,63,73,120,0.25,raw_midi,4,
2819,253800,528.75,E4,64,74,120,0.25,raw_midi,4,
2820,253920,529,A2,45,76,480,1,raw_midi,4,
2821,253920,529,E4,64,74,480,1,raw_midi,4,
2822,254040,529.25,C5,72,79,120,0.25,raw_midi,4,
2823,254160,529.5,A3,57,70,240,0.5,raw_midi,4,
2824,254160,529.5,C4,60,70,240,0.5,raw_midi,4,
2825,254160,529.5,D5,74,80,120,0.25,raw_midi,4,
2826,254280,529.75,C5,72,81,228,0.475,raw_midi,4,
2827,254400,530,F#2,42,78,480,1,raw_midi,4,
2828,254400,530,D4,62,77,449,0.9354166667,raw_midi,4,
2829,254520,530.25,C5,72,80,120,0.25,raw_midi,4,
2830,254640,530.5,F#3,54,70,240,0.5,raw_midi,4,
2831,254640,530.5,A3,57,70,240,0.5,raw_midi,4,
2832,254640,530.5,D5,74,80,120,0.25,raw_midi,4,
2833,254760,530.75,C5,72,79,120,0.25,raw_midi,4,
2834,254880,531,G2,43,74,480,1,raw_midi,4,
2835,254880,531,D4,62,74,449,0.9354166667,raw_midi,4,
2836,255000,531.25,B4,71,77,120,0.25,raw_midi,4,
2837,255120,531.5,G3,55,68,240,0.5,raw_midi,4,
2838,255120,531.5,B3,59,68,240,0.5,raw_midi,4,
2839,255120,531.5,C5,72,77,120,0.25,raw_midi,4,
2840,255240,531.75,B4,71,76,120,0.25,raw_midi,4,
2841,255360,532,C2,36,72,480,1,raw_midi,4,
2842,255360,532,C4,60,70,449,0.9354166667,raw_midi,4,
2843,255360,532,E4,64,70,449,0.9354166667,raw_midi,4,
2844,255480,532.25,A4,69,74,120,0.25,raw_midi,4,
2845,255600,532.5,C3,48,66,240,0.5,raw_midi,4,
2846,255600,532.5,B4,71,74,120,0.25,raw_midi,4,
2847,255720,532.75,A4,69,73,120,0.25,raw_midi,4,
2848,255840,533,D2,38,70,480,1,raw_midi,4,
2849,255840,533,A3,57,67,449,0.9354166667,raw_midi,4,
2850,255840,533,C4,60,67,449,0.9354166667,raw_midi,4,
2851,255960,533.25,F#4,66,71,120,0.25,raw_midi,4,
2852,256080,533.5,D3,50,63,240,0.5,raw_midi,4,
2853,256080,533.5,G4,67,70,120,0.25,raw_midi,4,
2854,256200,533.75,F#4,66,70,120,0.25,raw_midi,4,
2855,256320,534,G2,43,72,960,2,raw_midi,4,
2856,256320,534,G4,67,69,480,1,raw_midi,4,
2857,256560,534.5,D3,50,43,240,0.5,raw_midi,4,
2858,256560,534.5,B3,59,43,240,0.5,raw_midi,4,
2859,256560,534.5,D4,62,43,240,0.5,raw_midi,4,
2860,256800,535,D3,50,46,240,0.5,raw_midi,4,
2861,256800,535,B3,59,46,240,0.5,raw_midi,4,
2862,256800,535,D4,62,46,240,0.5,raw_midi,4,
2863,257040,535.5,D3,50,49,240,0.5,raw_midi,4,
2864,257040,535.5,B3,59,49,240,0.5,raw_midi,4,
2865,257040,535.5,D4,62,49,240,0.5,raw_midi,4,
2866,257040,535.5,B4,71,52,240,0.5,raw_midi,4,
2867,257280,536,D2,38,63,960,2,raw_midi,4,
2868,257280,536,A4,69,57,720,1.5,raw_midi,4,
2869,257520,536.5,D3,50,51,240,0.5,raw_midi,4,
2870,257520,536.5,C4,60,51,240,0.5,raw_midi,4,
2871,257520,536.5,D4,62,51,240,0.5,raw_midi,4,
2872,257760,537,D3,50,48,240,0.5,raw_midi,4,
2873,257760,537,C4,60,48,240,0.5,raw_midi,4,
2874,257760,537,D4,62,48,240,0.5,raw_midi,4,
2875,258000,537.5,D3,50,46,240,0.5,raw_midi,4,
2876,258000,537.5,C4,60,46,240,0.5,raw_midi,4,
2877,258000,537.5,D4,62,46,240,0.5,raw_midi,4,
2878,258000,537.5,F#4,66,52,240,0.5,raw_midi,4,
2879,258240,538,G2,43,49,960,2,raw_midi,4,
2880,258240,538,G4,67,50,480,1,raw_midi,4,
2881,258480,538.5,D3,50,45,240,0.5,raw_midi,4,
2882,258480,538.5,A#3,58,45,240,0.5,raw_midi,4,
2883,258480,538.5,D4,62,45,240,0.5,raw_midi,4,
2884,258720,539,D3,50,46,240,0.5,raw_midi,4,
2885,258720,539,A#3,58,46,240,0.5,raw_midi,4,
2886,258720,539,D4,62,46,240,0.5,raw_midi,4,
2887,258960,539.5,D3,50,48,240,0.5,raw_midi,4,
2888,258960,539.5,A#3,58,48,240,0.5,raw_midi,4,
2889,258960,539.5,D4,62,48,240,0.5,raw_midi,4,
2890,258960,539.5,A#4,70,50,240,0.5,raw_midi,4,
2891,259200,540,D2,38,54,960,2,raw_midi,4,
2892,259200,540,A4,69,53,720,1.5,raw_midi,4,
2893,259440,540.5,D3,50,45,240,0.5,raw_midi,4,
2894,259440,540.5,C4,60,45,240,0.5,raw_midi,4,
2895,259440,540.5,D4,62,45,240,0.5,raw_midi,4,
2896,259680,541,D3,50,41,240,0.5,raw_midi,4,
2897,259680,541,C4,60,41,240,0.5,raw_midi,4,
2898,259680,541,D4,62,41,240,0.5,raw_midi,4,
2899,259920,541.5,D3,50,37,240,0.5,raw_midi,4,
2900,259920,541.5,C4,60,37,240,0.5,raw_midi,4,
2901,259920,541.5,D4,62,37,240,0.5,raw_midi,4,
2902,259920,541.5,F#4,66,48,240,0.5,raw_midi,4,
2903,260160,542,G2,43,45,960,2,raw_midi,4,
2904,260160,542,G4,67,45,480,1,raw_midi,4,
2905,260400,542.5,D3,50,29,240,0.5,raw_midi,4,
2906,260400,542.5,B3,59,29,240,0.5,raw_midi,4,
2907,260400,542.5,D4,62,29,240,0.5,raw_midi,4,
2908,260640,543,D3,50,31,240,0.5,raw_midi,4,
2909,260640,543,B3,59,31,240,0.5,raw_midi,4,
2910,260640,543,D4,62,31,240,0.5,raw_midi,4,
2911,260880,543.5,D3,50,34,240,0.5,raw_midi,4,
2912,260880,543.5,B3,59,34,240,0.5,raw_midi,4,
2913,260880,543.5,D4,62,34,240,0.5,raw_midi,4,
2914,260880,543.5,B4,71,37,240,0.5,raw_midi,4,
2915,261120,544,D2,38,42,960,2,raw_midi,4,
2916,261120,544,A4,69,41,720,1.5,raw_midi,4,
2917,261360,544.5,D3,50,36,240,0.5,raw_midi,4,
2918,261360,544.5,C4,60,36,240,0.5,raw_midi,4,
2919,261360,544.5,D4,62,36,240,0.5,raw_midi,4,
2920,261600,545,D3,50,34,240,0.5,raw_midi,4,
2921,261600,545,C4,60,34,240,0.5,raw_midi,4,
2922,261600,545,D4,62,34,240,0.5,raw_midi,4,
2923,261840,545.5,D3,50,33,240,0.5,raw_midi,4,
2924,261840,545.5,C4,60,33,240,0.5,raw_midi,4,
2925,261840,545.5,D4,62,33,240,0.5,raw_midi,4,
2926,261840,545.5,F#4,66,41,240,0.5,raw_midi,4,
2927,262080,546,G2,43,42,240,0.5,raw_midi,4,
2928,262080,546,D3,50,37,240,0.5,raw_midi,4,
2929,262080,546,B3,59,37,240,0.5,raw_midi,4,
2930,262080,546,D4,62,37,240,0.5,raw_midi,4,
2931,262080,546,G4,67,42,156,0.325,raw_midi,4,
2932,262320,546.5,D3,50,39,240,0.5,raw_midi,4,
2933,262320,546.5,B3,59,39,240,0.5,raw_midi,4,
2934,262320,546.5,D4,62,39,240,0.5,raw_midi,4,
2935,262320,546.5,B4,71,44,156,0.325,raw_midi,4,
2936,262560,547,D2,38,45,240,0.5,raw_midi,4,
2937,262560,547,D3,50,40,240,0.5,raw_midi,4,
2938,262560,547,C4,60,40,240,0.5,raw_midi,4,
2939,262560,547,D4,62,40,240,0.5,raw_midi,4,
2940,262560,547,A4,69,45,156,0.325,raw_midi,4,
2941,262800,547.5,D3,50,42,240,0.5,raw_midi,4,
2942,262800,547.5,C4,60,42,240,0.5,raw_midi,4,
2943,262800,547.5,D4,62,42,240,0.5,raw_midi,4,
2944,262800,547.5,F#4,66,47,156,0.325,raw_midi,4,
2945,263040,548,G2,43,48,240,0.5,raw_midi,4,
2946,263040,548,D3,50,43,156,0.325,raw_midi,4,
2947,263040,548,B3,59,43,156,0.325,raw_midi,4,
2948,263040,548,D4,62,43,156,0.325,raw_midi,4,
2949,263040,548,G4,67,48,156,0.325,raw_midi,4,
2950,263280,548.5,D3,50,45,156,0.325,raw_midi,4,
2951,263280,548.5,B3,59,45,156,0.325,raw_midi,4,
2952,263280,548.5,D4,62,45,156,0.325,raw_midi,4,
2953,263280,548.5,B4,71,50,156,0.325,raw_midi,4,
2954,263520,549,D2,38,52,240,0.5,raw_midi,4,
2955,263520,549,D3,50,47,156,0.325,raw_midi,4,
2956,263520,549,C4,60,47,156,0.325,raw_midi,4,
2957,263520,549,D4,62,47,156,0.325,raw_midi,4,
2958,263520,549,A4,69,51,156,0.325,raw_midi,4,
2959,263760,549.5,D3,50,48,156,0.325,raw_midi,4,
2960,263760,549.5,C4,60,48,156,0.325,raw_midi,4,
2961,263760,549.5,D4,62,48,156,0.325,raw_midi,4,
2962,263760,549.5,F#4,66,53,156,0.325,raw_midi,4,
2963,264000,550,G2,43,55,480,1,raw_midi,4,
2964,264000,550,D3,50,50,156,0.325,raw_midi,4,
2965,264000,550,B3,59,50,156,0.325,raw_midi,4,
2966,264000,550,D4,62,50,156,0.325,raw_midi,4,
2967,264000,550,G4,67,55,156,0.325,raw_midi,4,
2968,264240,550.5,D3,50,51,156,0.325,raw_midi,4,
2969,264240,550.5,B3,59,51,156,0.325,raw_midi,4,
2970,264240,550.5,D4,62,51,156,0.325,raw_midi,4,
2971,264240,550.5,B4,71,56,156,0.325,raw_midi,4,
2972,264480,551,D2,38,58,480,1,raw_midi,4,
2973,264480,551,D3,50,53,156,0.325,raw_midi,4,
2974,264480,551,C4,60,53,156,0.325,raw_midi,4,
2975,264480,551,D4,62,53,156,0.325,raw_midi,4,
2976,264480,551,A4,69,58,156,0.325,raw_midi,4,
2977,264720,551.5,D3,50,55,156,0.325,raw_midi,4,
2978,264720,551.5,C4,60,55,156,0.325,raw_midi,4,
2979,264720,551.5,D4,62,55,156,0.325,raw_midi,4,
2980,264720,551.5,F#4,66,59,156,0.325,raw_midi,4,
2981,264960,552,G2,43,61,480,1,raw_midi,4,
2982,264960,552,D3,50,56,156,0.325,raw_midi,4,
2983,264960,552,B3,59,56,156,0.325,raw_midi,4,
2984,264960,552,D4,62,56,156,0.325,raw_midi,4,
2985,264960,552,G4,67,61,156,0.325,raw_midi,4,
2986,265200,552.5,D3,50,58,156,0.325,raw_midi,4,
2987,265200,552.5,B3,59,58,156,0.325,raw_midi,4,
2988,265200,552.5,D4,62,58,156,0.325,raw_midi,4,
2989,265200,552.5,B4,71,62,156,0.325,raw_midi,4,
2990,265440,553,D2,38,64,480,1,raw_midi,4,
2991,265440,553,D3,50,59,156,0.325,raw_midi,4,
2992,265440,553,C4,60,59,156,0.325,raw_midi,4,
2993,265440,553,D4,62,59,156,0.325,raw_midi,4,
2994,265440,553,A4,69,64,156,0.325,raw_midi,4,
2995,265680,553.5,D3,50,61,156,0.325,raw_midi,4,
2996,265680,553.5,C4,60,61,156,0.325,raw_midi,4,
2997,265680,553.5,D4,62,61,156,0.325,raw_midi,4,
2998,265680,553.5,F#4,66,65,156,0.325,raw_midi,4,
2999,265920,554,G2,43,68,480,1,raw_midi,4,
3000,265920,554,D3,50,63,480,1,raw_midi,4,
3001,265920,554,B3,59,63,0,0,raw_midi_overlapped,4,
3002,265920,554,B3,59,67,240,0.5,raw_midi,4,
3003,265920,554,D4,62,63,0,0,raw_midi_overlapped,4,
3004,265920,554,D4,62,67,240,0.5,raw_midi,4,
3005,265920,554,G4,67,67,312,0.65,raw_midi,4,
3006,266760,555.75,D3,50,49,480,1,raw_midi,4,
3007,266760,555.75,G3,55,49,480,1,raw_midi,4,
3008,266760,555.75,B3,59,49,480,1,raw_midi,4,
3009,266880,556,G1,31,47,360,0.75,raw_midi,4,
3010,266880,556,G2,43,47,360,0.75,raw_midi,4,
3011,267720,557.75,B2,47,39,480,1,raw_midi,4,
3012,267720,557.75,D3,50,39,480,1,raw_midi,4,
3013,267720,557.75,G3,55,39,480,1,raw_midi,4,
3014,267840,558,G1,31,34,360,0.75,raw_midi,4,
3015,267840,558,G2,43,34,360,0.75,raw_midi,4,
3016,268800,560,B1,35,34,0,0,raw_midi_overlapped,4,
3017,268800,560,B1,35,36,120,0.25,raw_midi,4,
3018,269280,561,D2,38,43,0,0,raw_midi_overlapped,4,
3019,269280,561,D2,38,48,120,0.25,raw_midi,4,
3020,269700,561.875,G5,79,95,780,1.625,raw_midi,4,
3021,269760,562,G3,55,92,720,1.5,raw_midi,4,
3022,269760,562,B3,59,82,720,1.5,raw_midi,4,
3023,269760,562,D4,62,82,720,1.5,raw_midi,4,
3024,270480,563.5,F#5,78,85,120,0.25,raw_midi,4,
3025,270600,563.75,E5,76,83,120,0.25,raw_midi,4,
3026,270720,564,D5,74,81,120,0.25,raw_midi,4,
3027,270840,564.25,D#5,75,78,120,0.25,raw_midi,4,
3028,270960,564.5,E5,76,76,120,0.25,raw_midi,4,
3029,271080,564.75,B4,71,73,120,0.25,raw_midi,4,
3030,271200,565,D5,74,71,120,0.25,raw_midi,4,
3031,271320,565.25,C5,72,68,120,0.25,raw_midi,4,
3032,271440,565.5,B4,71,66,120,0.25,raw_midi,4,
3033,271560,565.75,A4,69,63,120,0.25,raw_midi,4,
3034,271680,566,G3,55,45,120,0.25,raw_midi,4,
3035,271680,566,G4,67,60,120,0.25,raw_midi,4,
3036,271800,566.25,A#3,58,45,120,0.25,raw_midi,4,
3037,271800,566.25,A#4,70,60,120,0.25,raw_midi,4,
3038,271920,566.5,B3,59,46,120,0.25,raw_midi,4,
3039,271920,566.5,B4,71,60,120,0.25,raw_midi,4,
3040,272040,566.75,F#3,54,47,120,0.25,raw_midi,4,
3041,272040,566.75,F#4,66,61,120,0.25,raw_midi,4,
3042,272160,567,A3,57,47,120,0.25,raw_midi,4,
3043,272160,567,A4,69,61,120,0.25,raw_midi,4,
3044,272280,567.25,G3,55,48,120,0.25,raw_midi,4,
3045,272280,567.25,G4,67,61,120,0.25,raw_midi,4,
3046,272400,567.5,F#3,54,49,120,0.25,raw_midi,4,
3047,272400,567.5,F#4,66,62,120,0.25,raw_midi,4,
3048,272520,567.75,E3,52,49,120,0.25,raw_midi,4,
3049,272520,567.75,E4,64,62,120,0.25,raw_midi,4,
3050,272640,568,D3,50,50,120,0.25,raw_midi,4,
3051,272640,568,D4,62,62,120,0.25,raw_midi,4,
3052,272760,568.25,D#3,51,50,120,0.25,raw_midi,4,
3053,272760,568.25,D#4,63,63,120,0.25,raw_midi,4,
3054,272880,568.5,E3,52,51,120,0.25,raw_midi,4,
3055,272880,568.5,E4,64,63,120,0.25,raw_midi,4,
3056,273000,568.75,B2,47,52,120,0.25,raw_midi,4,
3057,273000,568.75,B3,59,63,120,0.25,raw_midi,4,
3058,273120,569,D3,50,52,120,0.25,raw_midi,4,
3059,273120,569,D4,62,64,120,0.25,raw_midi,4,
3060,273240,569.25,C3,48,53,120,0.25,raw_midi,4,
3061,273240,569.25,C4,60,64,120,0.25,raw_midi,4,
3062,273360,569.5,B2,47,53,120,0.25,raw_midi,4,
3063,273360,569.5,B3,59,65,120,0.25,raw_midi,4,
3064,273480,569.75,A2,45,54,120,0.25,raw_midi,4,
3065,273480,569.75,A3,57,65,120,0.25,raw_midi,4,
3066,273600,570,G2,43,55,120,0.25,raw_midi,4,
3067,273600,570,G3,55,65,120,0.25,raw_midi,4,
3068,273720,570.25,A#2,46,55,120,0.25,raw_midi,4,
3069,273720,570.25,A#3,58,66,120,0.25,raw_midi,4,
3070,273840,570.5,B2,47,56,120,0.25,raw_midi,4,
3071,273840,570.5,B3,59,66,120,0.25,raw_midi,4,
3072,273960,570.75,F#2,42,57,120,0.25,raw_midi,4,
3073,273960,570.75,F#3,54,66,120,0.25,raw_midi,4,
3074,274080,571,A2,45,57,120,0.25,raw_midi,4,
3075,274080,571,A3,57,67,120,0.25,raw_midi,4,
3076,274200,571.25,G2,43,58,120,0.25,raw_midi,4,
3077,274200,571.25,G3,55,67,120,0.25,raw_midi,4,
3078,274320,571.5,F#2,42,58,120,0.25,raw_midi,4,
3079,274320,571.5,F#3,54,67,120,0.25,raw_midi,4,
3080,274440,571.75,E2,40,59,120,0.25,raw_midi,4,
3081,274440,571.75,E3,52,68,120,0.25,raw_midi,4,
3082,274560,572,D2,38,60,120,0.25,raw_midi,4,
3083,274560,572,D3,50,68,120,0.25,raw_midi,4,
3084,274680,572.25,D#2,39,60,120,0.25,raw_midi,4,
3085,274680,572.25,D#3,51,68,120,0.25,raw_midi,4,
3086,274800,572.5,E2,40,61,120,0.25,raw_midi,4,
3087,274800,572.5,E3,52,69,120,0.25,raw_midi,4,
3088,274920,572.75,B1,35,61,120,0.25,raw_midi,4,
3089,274920,572.75,B2,47,69,120,0.25,raw_midi,4,
3090,275040,573,D2,38,62,120,0.25,raw_midi,4,
3091,275040,573,D3,50,69,120,0.25,raw_midi,4,
3092,275160,573.25,C2,36,63,120,0.25,raw_midi,4,
3093,275160,573.25,C3,48,70,120,0.25,raw_midi,4,
3094,275280,573.5,B1,35,63,120,0.25,raw_midi,4,
3095,275280,573.5,B2,47,70,120,0.25,raw_midi,4,
3096,275400,573.75,A1,33,64,120,0.25,raw_midi,4,
3097,275400,573.75,A2,45,70,120,0.25,raw_midi,4,
3098,275520,574,G1,31,65,120,0.25,raw_midi,4,
3099,275520,574,G2,43,71,120,0.25,raw_midi,4,
3100,275640,574.25,F#1,30,65,120,0.25,raw_midi,4,
3101,275640,574.25,F#2,42,71,120,0.25,raw_midi,4,
3102,275760,574.5,G1,31,66,120,0.25,raw_midi,4,
3103,275760,574.5,G2,43,71,120,0.25,raw_midi,4,
3104,275880,574.75,A1,33,66,120,0.25,raw_midi,4,
3105,275880,574.75,A2,45,72,120,0.25,raw_midi,4,
3106,276000,575,A#1,34,67,120,0.25,raw_midi,4,
3107,276000,575,A#2,46,72,120,0.25,raw_midi,4,
3108,276120,575.25,B1,35,68,120,0.25,raw_midi,4,
3109,276120,575.25,B2,47,72,120,0.25,raw_midi,4,
3110,276240,575.5,C2,36,68,120,0.25,raw_midi,4,
3111,276240,575.5,C3,48,73,120,0.25,raw_midi,4,
3112,276360,575.75,C#2,37,69,120,0.25,raw_midi,4,
3113,276360,575.75,C#3,49,73,120,0.25,raw_midi,4,
3114,276480,576,D2,38,69,120,0.25,raw_midi,4,
3115,276480,576,D3,50,73,120,0.25,raw_midi,4,
3116,276600,576.25,C#2,37,70,120,0.25,raw_midi,4,
3117,276600,576.25,C#3,49,74,120,0.25,raw_midi,4,
3118,276720,576.5,D2,38,71,120,0.25,raw_midi,4,
3119,276720,576.5,D3,50,74,120,0.25,raw_midi,4,
3120,276840,576.75,E2,40,71,120,0.25,raw_midi,4,
3121,276840,576.75,E3,52,74,120,0.25,raw_midi,4,
3122,276960,577,F#2,42,72,120,0.25,raw_midi,4,
3123,276960,577,F#3,54,75,120,0.25,raw_midi,4,
3124,277080,577.25,D2,38,73,120,0.25,raw_midi,4,
3125,277080,577.25,D3,50,75,120,0.25,raw_midi,4,
3126,277200,577.5,E2,40,73,120,0.25,raw_midi,4,
3127,277200,577.5,E3,52,76,120,0.25,raw_midi,4,
3128,277320,577.75,F#2,42,74,120,0.25,raw_midi,4,
3129,277320,577.75,F#3,54,76,120,0.25,raw_midi,4,
3130,277440,578,G2,43,74,120,0.25,raw_midi,4,
3131,277440,578,G3,55,76,120,0.25,raw_midi,4,
3132,277560,578.25,F#2,42,75,120,0.25,raw_midi,4,
3133,277560,578.25,F#3,54,77,120,0.25,raw_midi,4,
3134,277680,578.5,G2,43,76,120,0.25,raw_midi,4,
3135,277680,578.5,G3,55,77,120,0.25,raw_midi,4,
3136,277800,578.75,A2,45,76,120,0.25,raw_midi,4,
3137,277800,578.75,A3,57,77,120,0.25,raw_midi,4,
3138,277920,579,A#2,46,77,120,0.25,raw_midi,4,
3139,277920,579,A#3,58,78,120,0.25,raw_midi,4,
3140,278040,579.25,B2,47,77,120,0.25,raw_midi,4,
3141,278040,579.25,B3,59,78,120,0.25,raw_midi,4,
3142,278160,579.5,C3,48,78,120,0.25,raw_midi,4,
3143,278160,579.5,C4,60,78,120,0.25,raw_midi,4,
3144,278280,579.75,C#3,49,79,120,0.25,raw_midi,4,
3145,278280,579.75,C#4,61,79,120,0.25,raw_midi,4,
3146,278400,580,D3,50,79,78,0.1625,raw_midi,4,
3147,278400,580,D4,62,79,78,0.1625,raw_midi,4,
3148,278520,580.25,D3,50,80,120,0.25,raw_midi,1,
3149,278520,580.25,D4,62,79,120,0.25,raw_midi,1,
3150,278640,580.5,F#3,54,80,120,0.25,raw_midi,2,
3151,278640,580.5,F#4,66,80,120,0.25,raw_midi,2,
3152,278760,580.75,A3,57,80,120,0.25,raw_midi,2,
3153,278760,580.75,A4,69,80,120,0.25,raw_midi,2,
3154,278880,581,D4,62,81,78,0.1625,raw_midi,3,
3155,278880,581,D5,74,80,78,0.1625,raw_midi,3,
3156,279000,581.25,D4,62,81,120,0.25,raw_midi,1,
3157,279000,581.25,D5,74,81,120,0.25,raw_midi,1,
3158,279120,581.5,F#4,66,81,120,0.25,raw_midi,2,
3159,279120,581.5,F#5,78,81,120,0.25,raw_midi,2,
3160,279240,581.75,A4,69,82,120,0.25,raw_midi,2,
3161,279240,581.75,A5,81,81,120,0.25,raw_midi,2,
3162,279360,582,D5,74,93,78,0.1625,raw_midi,3,
3163,279360,582,D6,86,92,78,0.1625,raw_midi,3,
3164,279480,582.25,D5,74,82,120,0.25,raw_midi,1,
3165,279480,582.25,D6,86,83,120,0.25,raw_midi,1,
3166,279600,582.5,A4,69,82,120,0.25,raw_midi,2,
3167,279600,582.5,A5,81,83,120,0.25,raw_midi,2,
3168,279720,582.75,F#4,66,83,120,0.25,raw_midi,2,
3169,279720,582.75,F#5,78,83,120,0.25,raw_midi,2,
3170,279840,583,D4,62,83,78,0.1625,raw_midi,3,
3171,279840,583,D5,74,84,78,0.1625,raw_midi,3,
3172,279960,583.25,D4,62,83,120,0.25,raw_midi,1,
3173,279960,583.25,D5,74,84,120,0.25,raw_midi,1,
3174,280080,583.5,A3,57,84,120,0.25,raw_midi,2,
3175,280080,583.5,A4,69,84,120,0.25,raw_midi,2,
3176,280200,583.75,F#3,54,84,120,0.25,raw_midi,2,
3177,280200,583.75,F#4,66,85,120,0.25,raw_midi,2,
3178,280320,584,D3,50,84,78,0.1625,raw_midi,3,
3179,280320,584,D4,62,85,78,0.1625,raw_midi,3,
3180,280440,584.25,D3,50,84,120,0.25,raw_midi,1,
3181,280440,584.25,D4,62,85,120,0.25,raw_midi,1,
3182,280560,584.5,F#3,54,85,120,0.25,raw_midi,2,
3183,280560,584.5,F#4,66,86,120,0.25,raw_midi,2,
3184,280680,584.75,A3,57,85,120,0.25,raw_midi,2,
3185,280680,584.75,A4,69,86,120,0.25,raw_midi,2,
3186,280800,585,D4,62,85,78,0.1625,raw_midi,3,
3187,280800,585,D5,74,86,78,0.1625,raw_midi,3,
3188,280920,585.25,D4,62,86,120,0.25,raw_midi,1,
3189,280920,585.25,D5,74,87,120,0.25,raw_midi,1,
3190,281040,585.5,F#4,66,86,120,0.25,raw_midi,2,
3191,281040,585.5,F#5,78,87,120,0.25,raw_midi,2,
3192,281160,585.75,A4,69,86,120,0.25,raw_midi,2,
3193,281160,585.75,A5,81,87,120,0.25,raw_midi,2,
3194,281280,586,D5,74,98,78,0.1625,raw_midi,3,
3195,281280,586,D6,86,98,78,0.1625,raw_midi,3,
3196,281400,586.25,D5,74,87,120,0.25,raw_midi,1,
3197,281400,586.25,D6,86,88,120,0.25,raw_midi,1,
3198,281520,586.5,A4,69,87,120,0.25,raw_midi,2,
3199,281520,586.5,A5,81,88,120,0.25,raw_midi,2,
3200,281640,586.75,F#4,66,87,120,0.25,raw_midi,2,
3201,281640,586.75,F#5,78,88,120,0.25,raw_midi,2,
3202,281760,587,D4,62,88,78,0.1625,raw_midi,3,
3203,281760,587,D5,74,89,78,0.1625,raw_midi,3,
3204,281880,587.25,D4,62,88,120,0.25,raw_midi,1,
3205,281880,587.25,D5,74,89,120,0.25,raw_midi,1,
3206,282000,587.5,A3,57,88,120,0.25,raw_midi,2,
3207,282000,587.5,A4,69,89,120,0.25,raw_midi,2,
3208,282120,587.75,F#3,54,88,120,0.25,raw_midi,2,
3209,282120,587.75,F#4,66,90,120,0.25,raw_midi,2,
3210,282240,588,D3,50,89,78,0.1625,raw_midi,3,
3211,282240,588,D4,62,90,78,0.1625,raw_midi,3,
3212,282360,588.25,D4,62,89,120,0.25,raw_midi,1,
3213,282360,588.25,D5,74,90,120,0.25,raw_midi,1,
3214,282480,588.5,A3,57,89,120,0.25,raw_midi,2,
3215,282480,588.5,A4,69,91,120,0.25,raw_midi,2,
3216,282600,588.75,F#3,54,90,120,0.25,raw_midi,2,
3217,282600,588.75,F#4,66,91,120,0.25,raw_midi,2,
3218,282720,589,D3,50,90,78,0.1625,raw_midi,3,
3219,282720,589,D4,62,91,78,0.1625,raw_midi,3,
3220,282840,589.25,D3,50,90,120,0.25,raw_midi,1,
3221,282840,589.25,D4,62,92,120,0.25,raw_midi,1,
3222,282960,589.5,A2,45,91,120,0.25,raw_midi,2,
3223,282960,589.5,A3,57,92,120,0.25,raw_midi,2,
3224,283080,589.75,F#2,42,91,120,0.25,raw_midi,2,
3225,283080,589.75,F#3,54,92,120,0.25,raw_midi,2,
3226,283200,590,D2,38,102,960,2,raw_midi,3,
3227,283200,590,D3,50,102,960,2,raw_midi,3,
3228,285000,593.75,D4,62,57,1080,2.25,raw_midi,4,
3229,285000,593.75,F#4,66,57,1080,2.25,raw_midi,4,
3230,285000,593.75,A4,69,57,1080,2.25,raw_midi,4,
3231,285120,594,D3,50,55,960,2,raw_midi,4,
3232,285120,594,A3,57,55,960,2,raw_midi,4,
3233,285120,594,C4,60,55,960,2,raw_midi,4,
3234,286080,596,A4,69,46,120,0.25,raw_midi,4,
3235,286080,596,A5,81,48,120,0.25,raw_midi,4,
3236,286560,597,C5,72,45,120,0.25,raw_midi,4,
3237,286560,597,C6,84,46,120,0.25,raw_midi,4,
3238,287040,598,D4,62,43,120,0.25,raw_midi,4,
3239,287040,598,D5,74,43,120,0.25,raw_midi,4,
3240,288840,601.75,D4,62,52,832,1.733333333,raw_midi,4,
3241,288840,601.75,F#4,66,52,840,1.75,raw_midi,4,
3242,288840,601.75,A4,69,52,847,1.764583333,raw_midi,4,
3243,288960,602,D3,50,51,960,2,raw_midi,4,
3244,288960,602,A3,57,51,960,2,raw_midi,4,
3245,288960,602,C4,60,51,960,2,raw_midi,4,
3246,289680,603.5,C#5,73,51,80,0.1666666667,raw_midi,4,
3247,289760,603.6666667,D5,74,50,80,0.1666666667,raw_midi,4,
3248,289840,603.8333333,E5,76,49,80,0.1666666667,raw_midi,4,
3249,289920,604,D5,74,48,240,0.5,raw_midi,4,
3250,290760,605.75,B3,59,49,720,1.5,raw_midi,4,
3251,290760,605.75,D4,62,49,720,1.5,raw_midi,4,
3252,290760,605.75,G4,67,49,720,1.5,raw_midi,4,
3253,290760,605.75,B4,71,49,720,1.5,raw_midi,4,
3254,290880,606,G2,43,48,960,2,raw_midi,4,
3255,290880,606,B2,47,48,960,2,raw_midi,4,
3256,290880,606,D3,50,48,960,2,raw_midi,4,
3257,290880,606,G3,55,48,960,2,raw_midi,4,
3258,291600,607.5,C#5,73,49,80,0.1666666667,raw_midi,4,
3259,291680,607.6666667,D5,74,48,80,0.1666666667,raw_midi,4,
3260,291760,607.8333333,E5,76,46,80,0.1666666667,raw_midi,4,
3261,291840,608,D5,74,45,240,0.5,raw_midi,4,
3262,292680,609.75,D4,62,47,960,2,raw_midi,4,
3263,292680,609.75,F#4,66,47,960,2,raw_midi,4,
3264,292680,609.75,C5,72,47,960,2,raw_midi,4,
3265,292800,610,D3,50,46,120,0.25,raw_midi,4,
3266,292800,610,A3,57,46,120,0.25,raw_midi,4,
3267,292800,610,C4,60,46,120,0.25,raw_midi,4,
3268,293640,611.75,F#4,66,46,952,1.983333333,raw_midi,4,
3269,293640,611.75,C5,72,46,960,2,raw_midi,4,
3270,293640,611.75,F#5,78,46,960,2,raw_midi,4,
3271,293760,612,D2,38,45,120,0.25,raw_midi,4,
3272,293760,612,D3,50,45,120,0.25,raw_midi,4,
3273,294600,613.75,G4,67,44,240,0.5,raw_midi,4,
3274,294600,613.75,B4,71,44,247,0.5145833333,raw_midi,4,
3275,294600,613.75,G5,79,44,240,0.5,raw_midi,4,
3276,294720,614,G2,43,44,120,0.25,raw_midi,4,
3277,294720,614,G3,55,44,120,0.25,raw_midi,4,
3278,295200,615,G2,43,42,120,0.25,raw_midi,4,
3279,295200,615,G3,55,42,120,0.25,raw_midi,4,
3280,295200,615,B3,59,42,120,0.25,raw_midi,4,
3281,295200,615,D4,62,42,120,0.25,raw_midi,4,
3282,295200,615,G4,67,42,120,0.25,raw_midi,4,
3283,296520,617.75,D4,62,42,832,1.733333333,raw_midi,4,
3284,296520,617.75,F#4,66,42,840,1.75,raw_midi,4,
3285,296520,617.75,A4,69,42,847,1.764583333,raw_midi,4,
3286,296640,618,D3,50,42,960,2,raw_midi,4,
3287,296640,618,A3,57,42,960,2,raw_midi,4,
3288,296640,618,C4,60,42,960,2,raw_midi,4,
3289,297360,619.5,D5,74,41,80,0.1666666667,raw_midi,4,
3290,297440,619.6666667,F#5,78,39,80,0.1666666667,raw_midi,4,
3291,297520,619.8333333,A5,81,38,80,0.1666666667,raw_midi,4,
3292,297600,620,D6,86,37,240,0.5,raw_midi,4,
3293,298440,621.75,B3,59,39,825,1.71875,raw_midi,4,
3294,298440,621.75,D4,62,39,825,1.71875,raw_midi,4,
3295,298440,621.75,G4,67,39,832,1.733333333,raw_midi,4,
3296,298440,621.75,B4,71,39,840,1.75,raw_midi,4,
3297,298560,622,G2,43,40,960,2,raw_midi,4,
3298,298560,622,B2,47,40,960,2,raw_midi,4,
3299,298560,622,D3,50,40,960,2,raw_midi,4,
3300,298560,622,G3,55,40,960,2,raw_midi,4,
3301,299280,623.5,D5,74,39,80,0.1666666667,raw_midi,4,
3302,299360,623.6666667,G5,79,38,80,0.1666666667,raw_midi,4,
3303,299440,623.8333333,B5,83,37,80,0.1666666667,raw_midi,4,
3304,299520,624,D6,86,35,240,0.5,raw_midi,4,
3305,300360,625.75,D4,62,37,960,2,raw_midi,4,
3306,300360,625.75,F#4,66,37,960,2,raw_midi,4,
3307,300360,625.75,C5,72,37,960,2,raw_midi,4,
3308,300480,626,D3,50,37,120,0.25,raw_midi,4,
3309,300480,626,A3,57,37,120,0.25,raw_midi,4,
3310,300480,626,C4,60,37,120,0.25,raw_midi,4,
3311,301320,627.75,F#4,66,35,952,1.983333333,raw_midi,4,
3312,301320,627.75,C5,72,35,960,2,raw_midi,4,
3313,301320,627.75,F#5,78,35,960,2,raw_midi,4,
3314,301440,628,D2,38,36,120,0.25,raw_midi,4,
3315,301440,628,D3,50,36,120,0.25,raw_midi,4,
3316,302280,629.75,G4,67,34,240,0.5,raw_midi,4,
3317,302280,629.75,B4,71,34,247,0.5145833333,raw_midi,4,
3318,302280,629.75,G5,79,34,240,0.5,raw_midi,4,
3319,302400,630,G2,43,35,120,0.25,raw_midi,4,
3320,302400,630,G3,55,35,120,0.25,raw_midi,4,
3321,302880,631,G2,43,32,120,0.25,raw_midi,4,
3322,302880,631,G3,55,32,120,0.25,raw_midi,4,
3323,302880,631,G4,67,30,120,0.25,raw_midi,4,
3324,304200,633.75,D4,62,32,960,2,raw_midi,4,
3325,304200,633.75,F#4,66,32,960,2,raw_midi,4,
3326,304200,633.75,C5,72,32,960,2,raw_midi,4,
3327,304320,634,D3,50,33,120,0.25,raw_midi,4,
3328,304320,634,A3,57,33,120,0.25,raw_midi,4,
3329,304320,634,C4,60,33,120,0.25,raw_midi,4,
3330,305160,635.75,A4,69,30,120,0.25,raw_midi,4,
3331,305160,635.75,F#5,78,30,120,0.25,raw_midi,4,
3332,305160,635.75,A5,81,30,960,2,raw_midi,4,
3333,305280,636,D2,38,32,120,0.25,raw_midi,4,
3334,305280,636,D3,50,32,120,0.25,raw_midi,4,
3335,306120,637.75,B4,71,29,240,0.5,raw_midi,4,
3336,306120,637.75,G5,79,29,247,0.5145833333,raw_midi,4,
3337,306120,637.75,B5,83,29,240,0.5,raw_midi,4,
3338,306240,638,G2,43,31,120,0.25,raw_midi,4,
3339,306240,638,G3,55,31,120,0.25,raw_midi,4,
3340,306720,639,G2,43,28,120,0.25,raw_midi,4,
3341,306720,639,G3,55,28,120,0.25,raw_midi,4,
3342,306720,639,B3,59,26,120,0.25,raw_midi,4,
3343,306720,639,D4,62,26,120,0.25,raw_midi,4,
3344,306720,639,G4,67,26,120,0.25,raw_midi,4,
3345,306720,639,B4,71,26,120,0.25,raw_midi,4,
3346,308040,641.75,D4,62,97,960,2,raw_midi,4,
3347,308040,641.75,A4,69,97,960,2,raw_midi,4,
3348,308040,641.75,C5,72,97,960,2,raw_midi,4,
3349,308040,641.75,D5,74,97,967,2.014583333,raw_midi,4,
3350,308160,642,D3,50,97,180,0.375,raw_midi,4,
3351,308160,642,A3,57,97,180,0.375,raw_midi,4,
3352,308160,642,C4,60,97,180,0.375,raw_midi,4,
3353,309000,643.75,F#5,78,94,960,2,raw_midi,4,
3354,309000,643.75,A5,81,94,960,2,raw_midi,4,
3355,309000,643.75,D6,86,94,960,2,raw_midi,4,
3356,309120,644,D2,38,93,180,0.375,raw_midi,4,
3357,309120,644,D3,50,93,180,0.375,raw_midi,4,
3358,309960,645.75,G4,67,91,240,0.5,raw_midi,4,
3359,309960,645.75,B4,71,91,247,0.5145833333,raw_midi,4,
3360,309960,645.75,G5,79,91,240,0.5,raw_midi,4,
3361,309960,645.75,B5,83,91,247,0.5145833333,raw_midi,4,
3362,310080,646,G2,43,89,120,0.25,raw_midi,4,
3363,310080,646,G3,55,89,120,0.25,raw_midi,4,
3364,310560,647,G2,43,87,120,0.25,raw_midi,4,
3365,310560,647,G3,55,87,120,0.25,raw_midi,4,
3366,310560,647,B3,59,89,120,0.25,raw_midi,4,
3367,312000,650,G1,31,47,120,0.25,raw_midi,4,
3368,312000,650,G2,43,47,120,0.25,raw_midi,4,
3369,312000,650,G4,67,47,120,0.25,raw_midi,4,
3370,312000,650,B4,71,47,120,0.25,raw_midi,4,
3371,312000,650,D5,74,47,120,0.25,raw_midi,4,
3372,312000,650,G5,79,47,120,0.25,raw_midi,4,
3373,312480,651,G1,31,43,120,0.25,raw_midi,4,
3374,312480,651,G2,43,43,120,0.25,raw_midi,4,
3375,312480,651,B2,47,43,120,0.25,raw_midi,4,
3376,312480,651,D3,50,43,120,0.25,raw_midi,4,
3377,312480,651,G3,55,43,120,0.25,raw_midi,4,